0.254858781042,21.1341164972,0.529752143668,22.4712523541,0.589264948747,6.5417968112,68.7508929192,3.34727580819,4.87306044569,0.0147516235037,2.72200110793,-0.168398337126,0.769302629799,0.254190675127,21.2332433145,0.527547043623,22.4712778573,0.588577470689,6.54181156771,68.6518681146,3.34988022836,4.87685947916,0.0146989298701,2.72585929077,-0.166972875146,0.767280426126,0.294267243785,14.9781623995,0.663508708482,22.2563893585,0.702223994165,6.48226157597,74.0473950346,3.17321016494,4.49746990595,0.0235210483006,2.18281891472,-0.322145110343,0.906744235745,0.254184274205,21.2019855191,0.528242512025,22.4712760895,0.588679163757,6.54181220569,68.6831188388,3.35027257627,4.87689240326,0.0147066731847,2.7251675901,-0.166961327332,0.76726406434,753819.0,104013.0,30299.0,45379.0,80634.0,14523.0,10972.0,10802.0,16350.0,124202.0,6501.0,6749.0,10402.0,6470.0,30826.0,10743.0,56284.0,4829.0,3906.0,3542.0,2355.0,3454.0,2381.0,2440.0,2833.0,3964.0,2275.0,2419.0,2686.0,2343.0,2650.0,2702.0,6039.0,3820.0,2605.0,2960.0,2036.0,2103.0,2129.0,1929.0,2237.0,2177.0,2275.0,2160.0,4792.0,4833.0,1187.0,1952.0,2135.0,1930.0,2134.0,2089.0,4754.0,2070.0,2185.0,4716.0,2132.0,4692.0,4787.0,26475.0,1290.0,1419.0,1136.0,1125.0,1169.0,1383.0,743.0,1106.0,1203.0,1272.0,1506.0,1136.0,1275.0,1353.0,1407.0,1477.0,2652.0,1135.0,1272.0,1266.0,1395.0,1307.0,1469.0,2240.0,625.0,1387.0,1426.0,2292.0,1580.0,2313.0,2283.0,2518.0,5949.0,271.0,1623.0,1558.0,3014.0,740.0,2700.0,2763.0,2684.0,8131.0,2489.0,6502.0,6576.0,3260.0,27310.0,15870.0
