0.0149361162678,37.296360219,0.101034439361,20.7440428488,0.229748496806,9.30469901267,45.6798111763,4.44022638893,6.91517340236,0.00174484948753,3.68353752871,-0.0625048160169,0.59994058246,0.013808667976,37.1426098772,0.10473915607,20.7440156291,0.239526401704,9.30471593366,45.8334526392,4.53956556933,7.09376051204,0.00176017214047,3.68303640148,-0.0124694759676,0.291828667056,0.0544635299746,15.358682001,0.62940585935,20.721701069,0.616564784308,9.23540919674,67.5281222752,4.42772429112,5.99309856713,0.0154095666271,2.56784510328,-0.315360211448,0.945485954655,0.0137489452826,37.136888042,0.104877001034,20.7440139986,0.239455828361,9.30471692047,45.8391679523,4.54159336855,7.09496850069,0.00175346396489,3.68364389381,-0.012131132823,0.28801355587,872813.0,861580.0,145358.0,192767.0,81553.0,101348.0,63370.0,56019.0,60210.0,275638.0,56723.0,163612.0,101188.0,51435.0,89263.0,79238.0,207521.0,156176.0,21168.0,26739.0,6017.0,28244.0,14906.0,7325.0,8218.0,28980.0,6560.0,21880.0,7526.0,5456.0,6776.0,6345.0,11737.0,112506.0,47495.0,59455.0,5409.0,29284.0,6983.0,16165.0,237201.0,40299.0,24831.0,20526.0,129804.0,23696.0,9504.0,15656.0,22710.0,6461.0,15397.0,14530.0,46892.0,14673.0,27039.0,33167.0,7952.0,39012.0,24353.0,155048.0,3168.0,34652.0,8892.0,2047.0,3652.0,6721.0,3601.0,6471.0,30002.0,8773.0,30136.0,4383.0,12026.0,14719.0,6054.0,6997.0,14731.0,3261.0,12000.0,28342.0,25407.0,3416.0,3443.0,13274.0,7789.0,14533.0,7063.0,22309.0,14371.0,21174.0,9454.0,17990.0,21570.0,17899.0,60901.0,36608.0,58656.0,4757.0,29116.0,33645.0,29482.0,93723.0,12189.0,34248.0,78586.0,35769.0,188293.0,90130.0
