0.00723138273133,40.6362350131,0.128944494933,23.325858557,0.208789030689,13.1576515017,52.6671992151,4.75931405778,7.78697613882,0.00114606653481,3.76831172041,-0.0171220436516,0.354725023191,0.00712510809939,40.7892582065,0.125654147679,23.3255856926,0.207166124045,13.1578111309,52.5130845637,4.75967417246,7.7900388796,0.00113775312168,3.77052666322,-0.0163497272454,0.347147655202,0.0162786570648,32.590943025,0.308438425703,23.5632980751,0.357700527979,13.0093593565,61.6622492756,4.71612840669,7.47516535649,0.00345919615003,3.51957399353,-0.0898071449154,0.71052476299,0.00712892684786,40.722923488,0.127076078074,23.3255856926,0.207101435826,13.1578111309,52.5794192823,4.76023982128,7.78995386456,0.00114176182269,3.76983908672,-0.0163713754179,0.347362953262,203065.0,146306.0,50593.0,42526.0,43416.0,28729.0,18868.0,18904.0,28641.0,30505.0,13093.0,16539.0,18735.0,12769.0,18679.0,18476.0,88855.0,9903.0,7695.0,6883.0,4450.0,6729.0,4730.0,4625.0,4854.0,7653.0,4187.0,4864.0,5014.0,4308.0,5004.0,5134.0,10777.0,8993.0,5787.0,5954.0,3791.0,4300.0,4105.0,4355.0,6989.0,4699.0,4343.0,4301.0,5170.0,9701.0,2505.0,4650.0,4411.0,3888.0,4350.0,4081.0,9556.0,3979.0,4769.0,9864.0,4043.0,9508.0,9796.0,56676.0,2376.0,2973.0,2194.0,2121.0,2300.0,2575.0,1743.0,3059.0,3551.0,2486.0,3551.0,2183.0,2549.0,2781.0,2758.0,2817.0,5085.0,2113.0,2497.0,3405.0,2771.0,2549.0,2760.0,4416.0,1466.0,2794.0,2664.0,4421.0,3533.0,4631.0,4441.0,5013.0,11809.0,1663.0,5497.0,3526.0,9718.0,1445.0,5277.0,5263.0,5151.0,15862.0,4452.0,11769.0,12209.0,6329.0,51634.0,34147.0
