0.0187848211737,38.1315217985,0.281985157916,26.553435642,0.280421346205,13.3169616841,68.0822207694,4.70555410279,7.2826870572,0.00198910495157,3.67043527757,-0.0706957692339,0.643102793744,0.0140485000441,45.1754578267,0.149326083929,26.5527465773,0.22984830956,13.3174367397,61.0355284824,4.72063247443,7.41441646475,0.00110254824122,3.79839433692,-0.0358281382603,0.486821029275,0.0225661544864,34.1460580637,0.351403245847,26.3230257051,0.421856048117,13.2528832068,71.1460447568,4.69740455888,7.07734315066,0.00575199557158,3.37497136475,-0.124374303452,0.780274593964,0.0140790200707,45.0472766014,0.151739793277,26.5527465773,0.230354427639,13.3174367397,61.1637097077,4.72108608323,7.41404414559,0.00111206378568,3.79683224763,-0.0359267702717,0.487404006986,179343.0,95068.0,31381.0,27094.0,25239.0,16226.0,9704.0,9565.0,11027.0,25596.0,7644.0,9617.0,9227.0,7725.0,10941.0,9169.0,18238.0,5861.0,5904.0,4332.0,3070.0,4267.0,2869.0,2898.0,3005.0,5774.0,2416.0,3028.0,3249.0,2862.0,3189.0,3076.0,6022.0,7442.0,5232.0,5008.0,3225.0,3094.0,3394.0,3063.0,4905.0,4022.0,3236.0,3355.0,4437.0,7172.0,2698.0,3030.0,3702.0,3141.0,3765.0,3304.0,6859.0,3589.0,4128.0,8037.0,3298.0,6938.0,7153.0,27324.0,1691.0,2199.0,1751.0,1570.0,1713.0,1973.0,979.0,2122.0,1905.0,1710.0,2217.0,1388.0,1673.0,2197.0,2272.0,2050.0,3720.0,1339.0,1682.0,1886.0,2164.0,1785.0,2350.0,3301.0,1464.0,2168.0,2232.0,3974.0,2147.0,3951.0,3196.0,3634.0,8403.0,817.0,3166.0,2217.0,4611.0,1087.0,3670.0,5210.0,3818.0,10634.0,4174.0,9144.0,11600.0,4749.0,32949.0,15291.0
