0.0742337775125,31.9115365835,0.395432540269,26.3920395234,0.394754083116,9.97091283554,73.65662151,4.30399029701,6.58462121681,0.00457046391843,3.43639875764,-0.0934271156424,0.689571876628,0.0723963826981,32.5977605189,0.382428058988,26.3918730387,0.391345111345,9.97135066943,72.9697316358,4.31408821629,6.60290480435,0.00445277566592,3.45130740692,-0.0881818615466,0.675401250407,0.101699111485,22.4686240996,0.572183324099,26.2596403615,0.558493744335,9.88190086681,82.5699373463,4.17600246936,6.1294335512,0.0125759906164,2.8508320728,-0.228157820992,0.890914002511,0.0724523421272,32.6164739912,0.382073528026,26.3918730387,0.391111321194,9.97135066943,72.9510181635,4.31318235613,6.60232559205,0.00445085258784,3.45173624023,-0.0883495678216,0.675867201444,92236.0,28865.0,9335.0,9670.0,11877.0,5275.0,3602.0,3649.0,5992.0,14526.0,2312.0,2804.0,3851.0,2352.0,5750.0,3732.0,19031.0,1976.0,1460.0,1207.0,788.0,1263.0,862.0,823.0,989.0,1481.0,765.0,863.0,996.0,788.0,945.0,943.0,2135.0,1387.0,947.0,1132.0,724.0,934.0,763.0,689.0,1109.0,756.0,945.0,739.0,3598.0,1742.0,491.0,677.0,751.0,755.0,836.0,707.0,1607.0,698.0,748.0,1619.0,700.0,1551.0,1680.0,9161.0,473.0,492.0,363.0,394.0,394.0,384.0,276.0,405.0,468.0,441.0,517.0,366.0,452.0,449.0,480.0,563.0,884.0,374.0,404.0,479.0,456.0,409.0,442.0,780.0,199.0,509.0,457.0,794.0,519.0,710.0,770.0,885.0,2084.0,147.0,619.0,559.0,1018.0,282.0,931.0,952.0,917.0,2771.0,840.0,2177.0,2224.0,1098.0,9247.0,5237.0
