0.0258535576756,35.6868168557,0.412173374391,30.3548829714,0.264784640356,14.9203160955,85.7327150299,4.6506771117,6.75230245755,0.00222368804549,3.59927490067,-0.133338750087,0.78669305156,0.0210296793292,39.215074103,0.354047519342,30.3544573922,0.249162685754,14.9206857982,82.2027554657,4.70500086001,6.93746879897,0.00178332182701,3.67554117773,-0.0821646410829,0.669422097949,0.0399080258921,24.1888090349,0.604613231352,30.5887942554,0.479490672828,14.73066059,98.1663679865,4.561897882,6.46092558195,0.00802934460543,3.09432115672,-0.206177092659,0.879513189487,0.0212220201179,38.3785964791,0.367825432593,30.3544293441,0.259141841479,14.9206909349,83.0391208975,4.70625554981,6.92754332426,0.00193977732988,3.65698895628,-0.0849090944719,0.677477368478,184163.0,56308.0,18960.0,25694.0,32727.0,9574.0,8009.0,7884.0,16405.0,25824.0,7085.0,14473.0,12566.0,6123.0,9536.0,12225.0,54266.0,3143.0,3570.0,2434.0,2084.0,2340.0,2920.0,1672.0,2771.0,3532.0,1715.0,2776.0,2602.0,1982.0,2223.0,3007.0,6284.0,6871.0,3528.0,2611.0,1507.0,3105.0,2358.0,2143.0,5886.0,3636.0,2021.0,1717.0,4485.0,5757.0,1859.0,2208.0,2028.0,1503.0,2650.0,1933.0,4464.0,2180.0,3737.0,4846.0,2058.0,4324.0,5775.0,29510.0,894.0,1368.0,850.0,905.0,779.0,1297.0,472.0,1427.0,1892.0,887.0,1848.0,863.0,943.0,1105.0,1317.0,1274.0,1976.0,888.0,1169.0,2275.0,1958.0,1000.0,1603.0,1978.0,646.0,1410.0,1039.0,2203.0,1913.0,2446.0,2050.0,2341.0,4755.0,939.0,4964.0,1867.0,6122.0,536.0,2140.0,4639.0,2351.0,9381.0,2057.0,4610.0,7103.0,2828.0,22822.0,15013.0
