0.0592943928445,33.8119964165,0.337527729395,25.5195560002,0.353702231287,10.4583528089,68.2662275841,4.36794737017,6.70215539158,0.00377071295656,3.50620914152,-0.100767045934,0.713400180224,0.0517115332704,36.9917497948,0.275233333261,25.5197648377,0.329353325759,10.4587503652,65.087309556,4.41311262371,6.7863296929,0.00308073414343,3.58285960186,-0.076951019784,0.647350090873,0.0697686180262,26.6291020076,0.472063656857,25.2199932373,0.511648425831,10.469319045,74.2508709416,4.33355069637,6.44071616879,0.0100012392628,3.04803156764,-0.177594428279,0.845582892174,0.0517624969427,37.0382570224,0.2743221331,25.5197648377,0.329686841591,10.4587503652,65.0408023284,4.41193880245,6.78494535684,0.00308401315641,3.58288700849,-0.077343300467,0.648589501965,92108.0,39021.0,11819.0,10520.0,12127.0,6575.0,4210.0,4095.0,4737.0,15451.0,3221.0,3630.0,3499.0,3222.0,6597.0,3451.0,6659.0,2213.0,1890.0,1698.0,1133.0,1566.0,1099.0,1062.0,1045.0,1994.0,881.0,1151.0,1223.0,1067.0,1242.0,1117.0,2106.0,2839.0,1559.0,2198.0,1092.0,1921.0,1046.0,962.0,2037.0,1199.0,1916.0,1116.0,5451.0,2035.0,773.0,963.0,1041.0,1130.0,1101.0,1155.0,1986.0,992.0,1225.0,2241.0,1045.0,2022.0,2049.0,8873.0,771.0,809.0,683.0,702.0,657.0,700.0,412.0,637.0,670.0,711.0,753.0,512.0,637.0,736.0,809.0,773.0,1118.0,493.0,546.0,676.0,743.0,694.0,843.0,1065.0,327.0,711.0,820.0,1182.0,781.0,1191.0,1030.0,1165.0,2357.0,166.0,1100.0,896.0,1531.0,450.0,1449.0,1774.0,1443.0,3514.0,1541.0,2928.0,3576.0,1539.0,9858.0,4765.0
