0.574067508483,10.0543870192,0.527831208316,10.6470262291,0.793764497166,2.60361314946,32.5337178971,1.88198805185,2.5299264903,0.0333526888505,1.60375705381,-0.233500385017,0.698347607089,0.565264059735,11.3932965351,0.46488336148,10.6456197724,0.785712282706,2.60327318034,31.1891825544,1.91159353472,2.57459666164,0.0326002431194,1.65830024665,-0.202168480846,0.662993366116,0.62606049726,5.29232917552,0.747667605237,10.486820728,0.909054779156,2.55526865876,36.6549537367,1.69778278108,2.09988534468,0.045444084769,0.892284896138,-0.511421153345,0.873930972809,0.565253970236,11.4102019334,0.464090255714,10.6456376797,0.785528471108,2.60328372425,31.1723487855,1.91182931524,2.57484842621,0.0325937955985,1.6589784701,-0.201999508526,0.662789667038,363289.0,33942.0,6277.0,18749.0,43687.0,1824.0,1247.0,1249.0,1631.0,69254.0,1086.0,1151.0,1349.0,1037.0,1368.0,1385.0,2984.0,526.0,577.0,384.0,310.0,396.0,319.0,241.0,346.0,603.0,269.0,332.0,311.0,274.0,303.0,338.0,576.0,594.0,485.0,435.0,297.0,291.0,369.0,277.0,389.0,340.0,270.0,275.0,345.0,599.0,257.0,307.0,292.0,302.0,376.0,308.0,572.0,332.0,354.0,637.0,321.0,578.0,588.0,1492.0,171.0,194.0,138.0,139.0,128.0,196.0,92.0,172.0,214.0,166.0,255.0,138.0,170.0,162.0,194.0,197.0,350.0,126.0,175.0,199.0,183.0,189.0,173.0,327.0,80.0,201.0,178.0,284.0,251.0,311.0,296.0,324.0,661.0,47.0,331.0,284.0,593.0,132.0,332.0,371.0,317.0,839.0,293.0,679.0,657.0,311.0,1693.0,471.0
