0.0360332268879,30.6000140178,0.399907425579,25.4960778738,0.379212653592,11.9848076872,71.3842974773,4.46744280864,6.670363308,0.0043748537055,3.42683009255,-0.140221923446,0.796408983656,0.0352314465217,32.1546977812,0.369417956815,25.4960461757,0.37036368474,11.9848969694,69.8294869214,4.47043513701,6.69473289858,0.00408112166368,3.46253825304,-0.133429763079,0.784861277624,0.0600706831767,17.1952286328,0.664730873493,25.6439189794,0.658271257283,11.8790670904,85.3804472846,4.34080172456,5.9025711248,0.0190735086908,2.42144963616,-0.348918295714,0.957853132626,0.0351008143578,32.2035191977,0.36846039135,25.4960407523,0.370202140533,11.9848996914,69.7806438116,4.47534713654,6.70282094708,0.00404989795507,3.46697624885,-0.131174931057,0.780862242585,825786.0,286157.0,68015.0,98333.0,68762.0,41038.0,35876.0,25726.0,45778.0,77595.0,21205.0,41266.0,23971.0,20653.0,41101.0,21274.0,199594.0,14657.0,16068.0,12944.0,7526.0,12153.0,14231.0,5582.0,8302.0,14067.0,4766.0,16551.0,10961.0,9216.0,9285.0,8111.0,27130.0,34166.0,16881.0,12487.0,10256.0,9679.0,10136.0,8112.0,30161.0,14990.0,9867.0,6373.0,8915.0,13086.0,7865.0,9044.0,9360.0,5068.0,5930.0,4233.0,18717.0,8877.0,16934.0,17069.0,8325.0,16002.0,14247.0,87203.0,2539.0,8393.0,4674.0,1188.0,4276.0,5243.0,2819.0,7342.0,7385.0,8139.0,8405.0,2428.0,6071.0,5658.0,2266.0,4612.0,10168.0,2026.0,3913.0,7451.0,3952.0,1547.0,2046.0,8463.0,1738.0,3960.0,4121.0,9138.0,11188.0,8080.0,8392.0,9806.0,29873.0,5344.0,9223.0,10227.0,11089.0,3510.0,12314.0,5111.0,11953.0,20082.0,3495.0,19218.0,15944.0,17413.0,74340.0,40254.0
