0.308589702456,19.8130906303,0.542093620627,21.6344339398,0.622177431901,6.10313967383,66.7246451289,3.08993887002,4.49416469401,0.0179051015968,2.54015766998,-0.200136933268,0.794935835696,0.308213840832,19.8403930161,0.541461251256,21.6343690369,0.621649031382,6.10312777051,66.6970831316,3.09189620006,4.49652053006,0.0178727660287,2.54225893443,-0.199192216047,0.793840102047,0.353753917095,12.5030027795,0.708863663064,21.4727624024,0.749979704997,6.01837008557,73.3880468302,2.90847098242,4.05498029351,0.027879796687,1.92584845102,-0.359396996159,0.911475466201,0.308210706774,19.8512606533,0.541210333009,21.6343807212,0.621633340016,6.10313039711,66.6862622314,3.09184257306,4.49660387049,0.0178742973474,2.54229402834,-0.199159125074,0.793801642447,2873923.0,401074.0,96643.0,174503.0,376338.0,44219.0,29578.0,29355.0,44995.0,572016.0,20262.0,22241.0,29107.0,20298.0,29342.0,29284.0,138926.0,14876.0,12111.0,10677.0,6948.0,10505.0,7452.0,7224.0,8164.0,12174.0,6673.0,7426.0,7862.0,7082.0,7991.0,8327.0,17821.0,11857.0,8333.0,9548.0,6465.0,6319.0,6884.0,6160.0,7408.0,7537.0,6268.0,7008.0,7448.0,16476.0,4072.0,6200.0,6658.0,6313.0,7229.0,6875.0,15240.0,6703.0,7488.0,15970.0,6784.0,15612.0,16334.0,90817.0,4014.0,4948.0,3619.0,3477.0,3716.0,4379.0,2320.0,3935.0,4508.0,4370.0,5696.0,3435.0,4288.0,4415.0,4400.0,4867.0,8290.0,3457.0,3918.0,4522.0,4418.0,4063.0,4453.0,7145.0,2044.0,4414.0,4526.0,7242.0,5907.0,7069.0,7274.0,8279.0,19286.0,1202.0,7535.0,5951.0,15991.0,2524.0,8558.0,8625.0,8535.0,26117.0,7348.0,19880.0,19712.0,9758.0,83865.0,53562.0
