0.0462481841133,34.066680883,0.327798651463,25.3396403898,0.3293756097,10.4258491005,67.2918806764,4.47446608137,6.89303385957,0.00309684360403,3.55722489166,-0.0777228004766,0.653688132123,0.0412093737578,35.691832679,0.295721438466,25.339286632,0.317485276715,10.4264100948,65.665313849,4.5112167893,6.96050617838,0.00275977005132,3.59857281964,-0.0589696038822,0.587260046194,0.0667298477479,25.5853465658,0.496667983043,25.4159736555,0.49531327238,10.3120447385,76.078548056,4.38631419017,6.5540866284,0.00884611961569,3.10163348885,-0.160619751339,0.825628291525,0.0413384612643,35.6800058165,0.295954808542,25.339286632,0.317969711501,10.4264100948,65.6771407115,4.51009577307,6.95985544022,0.00276899671462,3.59779008305,-0.0591510709369,0.587985065938,73375.0,30573.0,10048.0,9887.0,14487.0,5189.0,3780.0,3711.0,5425.0,12607.0,2771.0,3358.0,3948.0,2743.0,3832.0,3708.0,15562.0,1758.0,1574.0,1327.0,835.0,1304.0,1012.0,917.0,997.0,1612.0,867.0,1028.0,951.0,815.0,943.0,1042.0,2244.0,1814.0,1132.0,1137.0,847.0,867.0,819.0,814.0,1213.0,1072.0,884.0,873.0,1086.0,2051.0,805.0,794.0,952.0,876.0,1432.0,900.0,1716.0,961.0,983.0,1973.0,908.0,1766.0,2027.0,9442.0,509.0,585.0,491.0,454.0,441.0,631.0,399.0,495.0,649.0,595.0,762.0,403.0,660.0,555.0,604.0,813.0,1144.0,389.0,499.0,703.0,563.0,500.0,584.0,920.0,266.0,591.0,523.0,884.0,730.0,896.0,897.0,1189.0,2220.0,246.0,1215.0,804.0,2116.0,390.0,1051.0,1201.0,1103.0,3464.0,920.0,2117.0,2194.0,1231.0,8085.0,4385.0
