0.0542976765875,33.2588484432,0.393165270444,27.4035473115,0.384197245978,10.3994391026,76.3553408026,4.45635946826,6.72003298236,0.00421539335508,3.47287476781,-0.0772464961444,0.645929413105,0.0478567052734,37.6610999969,0.312820189329,27.4026531426,0.353654408543,10.3994207229,71.9495125737,4.49233766221,6.80920207658,0.00328271071026,3.57332906651,-0.0517671476865,0.551016854169,0.0734388110031,28.488969193,0.478061112857,27.2914798023,0.494684942262,10.3086142427,80.6769500163,4.34989982028,6.44577749293,0.00904425262794,3.11835902167,-0.15849949276,0.818721494505,0.0478612647686,37.521901769,0.315360743743,27.4026806279,0.35363700265,10.3994550674,72.0888207425,4.49329354046,6.80878278594,0.00328538632496,3.57197689863,-0.0518893912939,0.551556588871,76529.0,37065.0,12864.0,10647.0,11837.0,6757.0,4468.0,4470.0,6920.0,13613.0,4021.0,4084.0,5085.0,3840.0,6416.0,4906.0,19548.0,2308.0,2062.0,1589.0,1132.0,1584.0,1077.0,981.0,1235.0,2229.0,983.0,1139.0,1191.0,1124.0,1152.0,1283.0,2290.0,2327.0,1543.0,2054.0,937.0,1362.0,1137.0,982.0,1665.0,1079.0,1365.0,937.0,3665.0,2002.0,1003.0,873.0,1085.0,969.0,975.0,982.0,1846.0,1127.0,1113.0,2027.0,996.0,1858.0,1958.0,8553.0,671.0,698.0,524.0,772.0,530.0,835.0,419.0,729.0,581.0,553.0,666.0,511.0,582.0,546.0,642.0,680.0,1046.0,497.0,786.0,612.0,635.0,612.0,649.0,975.0,337.0,597.0,559.0,1043.0,700.0,981.0,962.0,1019.0,2315.0,208.0,928.0,770.0,1248.0,359.0,1064.0,1233.0,1121.0,3035.0,981.0,2447.0,2467.0,1295.0,9125.0,5006.0
