0.0357224490514,32.5042864015,0.368770689526,25.7468132912,0.375421364459,12.0543637847,70.4829667635,4.46667835071,6.67563951385,0.00412472956329,3.46817347647,-0.13960511521,0.795496303254,0.0350129208247,34.0197392569,0.339340027091,25.7467840129,0.367328685903,12.0544617769,68.9673967947,4.46934361712,6.69692979447,0.00385550414319,3.50100099388,-0.133674549929,0.785397798033,0.0603861333561,17.1925634525,0.666319214762,25.7619920191,0.661550522126,11.9020898191,85.8554046241,4.33911619466,5.88657599143,0.019316813547,2.40792277793,-0.352602395168,0.958921585005,0.0348704595941,34.0640323257,0.338479714825,25.7467783597,0.36715825016,12.0544645655,68.9230811132,4.47364899078,6.70590081615,0.00383403071764,3.50459310242,-0.131174692772,0.780969795447,788967.0,285754.0,66140.0,104213.0,64827.0,38875.0,27194.0,23876.0,41984.0,89212.0,23964.0,47185.0,35481.0,23497.0,21568.0,31099.0,160769.0,14908.0,17721.0,12778.0,5009.0,11649.0,13350.0,5204.0,5948.0,11855.0,4022.0,13433.0,8431.0,10470.0,10765.0,6588.0,23624.0,38758.0,11548.0,13464.0,9441.0,11391.0,7910.0,13770.0,27930.0,15677.0,10174.0,6002.0,11147.0,10626.0,8695.0,12356.0,7863.0,5912.0,10583.0,3860.0,11995.0,8918.0,19399.0,26633.0,5865.0,12048.0,11547.0,107693.0,2025.0,6846.0,3727.0,1038.0,1853.0,3157.0,3663.0,5696.0,11539.0,5172.0,8389.0,3002.0,5229.0,5540.0,1961.0,3599.0,8158.0,3330.0,3196.0,8515.0,4692.0,1453.0,1888.0,4614.0,3217.0,4010.0,4681.0,11708.0,11032.0,9555.0,5778.0,8168.0,18907.0,6351.0,20650.0,5437.0,14197.0,1789.0,8658.0,5882.0,7141.0,30178.0,3555.0,13452.0,17737.0,11788.0,81541.0,37141.0
