0.0381193549453,38.108326656,0.290341194271,26.8497525489,0.320266964647,11.7034343839,69.2906835398,4.50785688618,6.94631312193,0.00279843834302,3.6025686004,-0.0938129028103,0.703751801771,0.0319993043908,42.84081818,0.202190165351,26.8490160935,0.289386073975,11.7039851661,64.5552461938,4.5418842377,7.04607425663,0.00205019611919,3.69494902591,-0.0664907136557,0.61972763393,0.0459339068733,28.9564805973,0.454316613382,26.532309126,0.49491491589,11.6733440403,77.1727559066,4.52172869285,6.67962095311,0.00904723183987,3.12082133273,-0.167884535548,0.840236078775,0.0322217772057,42.7065561692,0.204690480639,26.8490160935,0.290517938316,11.7039851661,64.6895082046,4.54012926963,7.04300419441,0.00207558287322,3.69196399108,-0.0673331677078,0.622762143268,98816.0,50687.0,14931.0,12954.0,12755.0,8368.0,5021.0,4886.0,6539.0,16781.0,4570.0,5760.0,4896.0,4459.0,6589.0,4965.0,9696.0,3149.0,3149.0,2139.0,1742.0,2210.0,1454.0,1361.0,1526.0,3037.0,1187.0,1492.0,1637.0,1649.0,1728.0,1434.0,2745.0,4598.0,3198.0,3516.0,1604.0,1867.0,1677.0,1528.0,2548.0,1836.0,1855.0,1519.0,2555.0,2889.0,1479.0,1548.0,1670.0,1638.0,1780.0,1527.0,2871.0,1749.0,1769.0,3244.0,1756.0,2942.0,2863.0,11828.0,1075.0,1191.0,1017.0,937.0,988.0,1168.0,576.0,1168.0,882.0,842.0,946.0,666.0,887.0,1031.0,1202.0,1063.0,1591.0,698.0,952.0,923.0,951.0,992.0,1121.0,1415.0,525.0,877.0,1088.0,1589.0,1016.0,1614.0,1443.0,1695.0,3508.0,332.0,1543.0,1188.0,2401.0,576.0,1682.0,2090.0,1751.0,4469.0,1932.0,3821.0,4666.0,2071.0,13505.0,6970.0
