0.0558798439705,31.3831563835,0.392570015163,25.8327355966,0.359908577274,10.2347522703,71.947786003,4.43189361286,6.74157075358,0.00392452023883,3.47218394734,-0.0954256117243,0.700802410745,0.0458991050041,35.8961970876,0.305211995309,25.8324818832,0.331247094303,10.2352636728,67.433730445,4.47790296494,6.85585508816,0.00313747658713,3.56844911075,-0.06319465709,0.600587457156,0.0741536012889,24.9880388071,0.517514201015,25.8951028815,0.525653557453,10.1257455398,78.5923727187,4.33778058733,6.38873968046,0.0102216108357,3.00010125394,-0.183488578055,0.851418993012,0.0463292868792,35.7386578781,0.308261241801,25.8324818832,0.332583399389,10.2352636728,67.5912696545,4.47528568761,6.85273189177,0.00314674619891,3.56745601683,-0.0640769720436,0.603892485173,71996.0,29204.0,9553.0,10570.0,13544.0,4778.0,3921.0,3929.0,5113.0,12082.0,2496.0,4714.0,3829.0,2537.0,4109.0,4014.0,14010.0,1476.0,1384.0,1162.0,706.0,1174.0,1011.0,849.0,981.0,1455.0,707.0,986.0,863.0,706.0,910.0,977.0,1992.0,1866.0,1028.0,1184.0,767.0,750.0,775.0,733.0,1424.0,1078.0,822.0,991.0,1127.0,1933.0,798.0,745.0,949.0,729.0,1465.0,936.0,1700.0,873.0,1196.0,1884.0,774.0,1606.0,1911.0,7745.0,517.0,582.0,406.0,498.0,420.0,520.0,401.0,522.0,588.0,650.0,656.0,425.0,750.0,484.0,574.0,1854.0,1073.0,332.0,439.0,572.0,493.0,484.0,608.0,887.0,256.0,532.0,460.0,780.0,744.0,756.0,1016.0,1718.0,2513.0,210.0,1161.0,766.0,1815.0,561.0,1133.0,1188.0,1358.0,3091.0,701.0,1944.0,1908.0,1336.0,7164.0,3827.0
