54801,11960,12896,10974,11779,11509,10188,14038,17127,7709,7455,14202,15137,7590,7383,14592,14861,7225,7605,7217,14592,4122,4273,3765,10409,3827,3814,3887,4181,3859,3774,3968,7642,329,390,430,9775,423,355,340,645,339,343,713,545,424,374,382,696,478,421,17672,449,473,356,360,584,7646,479,12439,722,828,481,1391,7933,1222,825,10624,10034,9096,7232,587,738214,553,546,726,1075,12128,791,512,8497,874,664,8520,825,9165,9565,8005,887,8673,599,664,688,7728,7729,1509,1694,839,733,80464,912,1244,1977,823,7220,890,9012,831,81288,938,998,1096,1110,744,1269,986,12589,12879,947,801,929,1078,908,919,1089,9184,975,1152,9569,1381,1335,11437,7243,8944,901,898,11073,9342,1475,12085,788,8243,1037,792,1553,1074,1053,1461,1491,1407,1021,1374,1526,1158,1171,1619,1431,1489,1309,1177,1538,1712,1669,1723,1516,1964,1697,1338,1242,1136,1080,1198,1139,1074,724,873,917,942,1154,981,771,730,6524,944,1091,787,709,566,716,794,617,994,9532,12081,1076,7856,12335,800,8867,7784,985,80697,787,599,2229,80487,732,773,1065,632,565,820,625,340,415,459,656,957,487,886,507,521,309,346,981,469,484,359,602,385,80114,316,9865,6548,302,8358,8684,186,257,338,8196,323,350,324,421,184,555,812,7346,446,363,374,6168,677,8983,54568
