6050,419,406,534,481,375,340,380,369,374,376,363,380,335,364,390,413,363,361,323,388,359,352,348,407,317,342,328,350,350,343,383,621,357,412,402,658,368,355,371,343,348,363,424,425,386,428,390,404,376,370,374,341,366,355,367,346,339,350,360,379,368,349,373,363,356,356,373,401,403,373,357,363,388,361,366,398,376,380,394,446,404,379,449,408,385,458,395,402,408,372,409,354,367,414,398,366,447,353,408,399,553,394,382,653,512,525,384,465,396,481,535,387,388,495,472,547,442,400,379,384,383,352,350,352,353,361,337,380,398,353,409,369,392,335,392,367,354,352,479,352,404,327,390,349,354,336,344,360,356,380,358,342,342,352,330,348,372,334,343,364,353,345,375,333,372,351,369,351,328,319,353,372,339,350,353,366,368,343,324,342,339,351,347,396,391,334,366,346,350,353,358,352,506,371,412,393,329,359,368,382,382,367,368,331,353,360,350,392,381,360,369,348,340,371,378,387,366,355,359,366,372,377,373,332,356,361,357,382,349,343,378,486,397,384,900,353,380,372,391,330,345,374,370,360,350,334,409,359,354,320,345,330,352,348,438
