64720,2267,1872,2067,2287,1659,1659,1696,2045,1640,2232,1622,1881,1603,1592,1855,1811,1521,1468,2497,1793,1529,1518,1489,1684,1471,1578,1915,1777,1563,1472,1639,6112,1659,1741,1600,1737,2317,1682,1747,1871,1803,1621,1901,1788,2987,2169,1730,2038,1763,1937,2048,1730,1822,1752,1657,2223,2034,1845,1818,1697,1796,1594,1579,3823,1681,2510,2074,1732,2825,1899,1710,1815,1730,1645,1564,1673,1816,1597,1811,2418,1765,1930,2180,1955,1874,1915,2121,1841,2132,1692,1862,1823,1996,1755,2013,1696,4571,2392,3584,3061,5398,2655,2213,2845,4101,2126,1949,3304,2689,3835,4128,2264,1694,4342,3891,4915,3472,1830,1989,1956,1941,1588,1559,1606,1664,1596,1507,1944,1588,1534,2269,1627,2099,1650,1533,1685,2162,1540,2461,1511,2171,1488,1453,1612,1584,1526,1505,1560,1519,1522,1580,1575,1621,1577,1549,1604,1555,1500,1551,1609,1491,1561,1539,1545,1667,1526,1595,1562,1571,1539,1518,1606,1496,1444,1466,1534,1632,1540,1508,1568,1566,1642,1611,1672,1594,1513,1627,1538,1561,1568,1537,1953,1672,1726,1687,1951,1612,1747,1697,1666,1654,1469,1536,1522,1446,1552,1466,1948,1615,1589,1597,1680,1586,1588,1590,1732,1745,1590,1707,1657,1580,1656,1602,1694,1577,1583,1571,1639,1813,1626,1560,2640,1600,1525,1668,1731,1626,1650,1553,1637,1497,1557,1494,1692,1496,1705,1625,1724,1610,1568,1564,1743,1572,1660,4291
