5697,283,220,105,184,62,65,50,130,49,31,27,118,36,19,109,155,54,23,19,94,217,18,15,99,17,18,16,82,26,16,20,106,6,11,5,954,52,36,7,81,2,18,28,50,27,35,5,94,29,44,138,71,48,13,19,72,49,24,68,50,93,11,43,677,98,25,42,324,128,97,33,100,46,20,16,188,60,32,46,275,124,134,145,225,97,163,117,46,34,19,54,58,74,70,174,218,233,34,82,179,341,224,69,303,151,226,29,185,64,135,130,101,21,188,147,383,205,92,32,52,34,6,1,84,26,26,14,97,86,5,275,177,201,60,6,77,477,28,569,75,348,7,3,60,12,6,4,100,5,11,2,17,15,6,4,29,3,10,3,17,19,3,26,32,8,11,5,30,4,10,1,28,7,16,7,24,2,1,5,18,4,20,14,66,64,56,9,20,11,35,12,215,39,62,68,160,15,82,147,49,28,8,2,301,2,6,11,37,29,32,36,17,24,82,34,46,7,2,22,29,3,11,4,35,7,1,2,32,13,9,1,204,19,1,55,53,16,7,9,55,12,12,6,10,5,39,17,87,23,19,8,36,15,43,681
