12583,1212,554,539,712,856,418,359,632,308,317,301,549,349,355,573,750,352,348,329,443,463,283,301,393,277,293,292,371,341,303,285,364,338,330,287,1115,364,315,297,323,309,298,321,325,301,349,305,366,324,335,398,389,421,320,314,332,368,337,403,358,348,331,316,1304,392,334,360,666,573,394,417,387,378,323,290,357,368,364,333,815,437,389,478,358,449,453,439,407,347,337,386,499,397,389,356,352,387,339,345,413,584,365,312,710,394,440,311,590,357,413,466,372,288,448,399,722,552,369,315,355,303,278,284,358,345,316,342,407,344,294,669,382,511,289,325,337,634,334,1260,326,539,284,297,777,325,259,391,351,300,315,490,317,293,277,281,306,323,277,295,320,369,316,309,305,308,286,306,323,304,314,290,318,302,273,305,333,286,313,299,317,302,296,285,320,287,323,294,318,277,333,298,485,328,386,373,440,306,392,877,319,346,303,283,686,298,294,268,343,308,328,291,296,288,278,335,335,292,324,330,325,345,291,293,323,315,298,353,349,315,320,337,763,321,306,410,370,287,298,325,364,287,303,342,319,288,324,375,404,339,309,351,386,336,298,2179
