7400,4334,3143,3093,3149,3158,3123,3040,3117,3049,3072,3123,3136,3135,3066,3147,3058,3084,3117,3067,3172,3277,3113,3003,3017,3060,3100,3086,2968,3234,3050,3155,3159,2959,3077,3061,3114,3272,3141,3090,3006,3181,3042,3015,3134,3012,3082,3107,3184,3144,3186,3161,3053,3063,3018,3020,3114,3137,3021,3025,3143,3029,3205,3027,3157,3094,3107,3065,3049,3044,3087,3276,3128,2964,3125,3130,3121,3116,3051,3209,3207,3129,3044,3094,3031,3058,3054,3029,3150,3145,3058,2987,3104,3104,3112,3086,3065,3249,3127,3106,3120,3134,3065,3150,3187,3090,3085,3025,3098,3044,3187,3233,3120,3019,3204,3105,3175,3079,3104,3098,3137,3172,3196,3203,2995,3176,3084,3159,3139,3109,3128,3256,3012,3047,3207,3209,3120,3170,3142,3214,3198,3106,3135,3081,3116,3108,3105,3030,3205,3102,3086,3148,3134,3078,3163,3077,3107,3087,3158,3079,2956,3179,3118,3145,3131,3187,3044,3135,3101,3066,3107,3114,3099,3016,3110,3034,3075,3089,3166,3147,3122,3083,3050,3137,3129,3146,3077,3054,3068,3037,3231,3144,3035,3042,3197,3159,3214,3061,3133,3059,3105,2995,3163,3133,3100,3033,3126,2977,3099,3122,3146,3040,3125,3171,3084,3031,3068,3133,3059,3154,3161,3048,3102,3036,3021,3059,3092,3085,3096,2991,3038,3108,3149,3050,3015,3114,3134,3094,3049,3066,4289,4306,4178,2997,3132,3044,3083,3018,3169,3073,3071,2959,3056,3061,3069,5156
