5623,3077,3103,3058,3064,3050,3067,3082,3008,3067,3137,3107,3046,3095,2955,3030,3074,3307,3052,3072,3089,2965,2995,3124,3143,3122,3015,3006,3025,3025,3152,3071,3222,3043,3112,2927,3112,3051,3081,3029,3022,3037,3033,3061,3055,3030,3156,3140,3048,3060,3038,3011,3084,3089,3053,3021,3064,3057,3009,2993,3097,3023,2932,2965,3145,3050,3020,3043,3181,3218,2987,3119,3026,3100,3035,3095,3079,3031,3139,3035,3137,3044,3133,3077,3081,3016,3108,3119,3045,3001,3117,3009,3070,3060,3051,3014,3093,3103,2979,3069,3108,3212,3056,3088,2984,3040,2984,3001,3188,3057,3128,3073,3133,3024,3045,3074,3091,3188,3079,3145,3032,3123,3104,3051,3067,3067,3119,3028,3053,3114,3116,3125,3142,3065,3085,3003,3172,3126,3093,3073,3088,3126,3029,3075,7509,3089,3012,3095,3086,3032,3078,3050,3132,3113,3025,3105,2951,3101,2977,3024,3104,3122,3052,2983,3055,3137,3042,3087,3021,3055,3083,2969,3001,3070,3086,3112,3054,3050,2920,3003,3025,3093,3103,3042,3050,3057,3076,2966,2945,3091,3108,3066,2960,3026,3046,3137,3152,3046,3108,3159,3109,3068,3008,3109,3062,3043,3101,3173,3020,2940,3024,3080,3034,3049,3116,2955,2955,3036,2962,3152,2939,3043,3062,3005,3142,3150,3152,3125,3204,3117,2977,3046,3063,3070,3060,3089,3013,3109,3014,3169,3107,3137,3010,2991,3056,3064,3080,3189,3002,3166,3024,3136,3163,3171,3019,3055
