20029,719,249,435,277,368,217,232,274,250,234,206,255,620,223,297,272,229,227,203,229,605,207,201,224,244,256,239,211,225,226,215,223,412,327,386,305,409,363,362,325,423,286,512,341,462,338,356,424,466,335,423,430,460,386,338,485,1318,475,437,497,510,391,499,522,1892,333,393,668,988,371,394,443,398,352,391,595,806,344,384,609,461,507,412,492,757,391,416,1348,886,372,421,468,471,390,516,453,524,336,460,494,592,365,383,409,563,353,428,730,443,428,440,364,358,413,523,716,587,376,378,370,440,335,372,941,450,336,258,314,394,305,662,297,278,267,235,296,986,283,1302,321,284,271,244,249,205,213,211,222,300,219,210,234,241,212,269,241,235,234,223,213,482,214,432,222,246,250,226,225,265,208,214,269,256,269,213,487,230,803,247,287,268,271,264,477,333,470,259,405,365,264,289,374,457,375,346,306,346,1097,504,235,312,219,210,254,292,217,223,278,301,269,255,236,332,204,193,236,295,222,191,255,271,244,231,250,229,245,199,243,276,210,223,457,350,276,301,366,226,223,204,377,250,235,238,460,280,456,824,1030,382,267,247,475,313,407,2322
