41744,1438,1065,1126,808,336,395,303,467,345,1283,298,331,529,188,215,337,239,108,137,397,103,344,79,175,367,150,113,141,117,105,175,461,152,128,96,270,115,101,127,150,78,82,52,166,71,127,84,529,162,169,91,504,82,106,84,192,116,107,87,166,85,245,77,563,1052,863,367,562,1056,173,152,278,927,72,123,377,475,419,308,456,108,724,732,1206,592,155,833,443,627,44,47,116,457,62,990,244,253,138,175,215,577,167,113,194,269,69,77,360,180,265,1573,363,138,313,221,507,229,131,59,168,135,571,72,84,107,41,115,659,156,62,147,343,53,61,48,105,152,75,240,347,63,49,50,179,67,55,50,105,58,55,58,110,94,62,42,84,32,51,39,148,37,52,73,96,39,50,56,102,42,98,60,117,79,67,57,186,57,289,53,107,48,156,158,151,94,57,73,105,74,68,88,153,62,143,92,148,69,84,170,147,73,65,89,173,58,70,70,191,102,84,55,150,58,62,44,123,74,54,52,109,54,63,49,133,45,60,59,122,69,48,53,142,130,40,59,120,59,31,72,312,67,78,40,169,49,47,47,178,41,47,59,129,49,59,3287
