45645,17652,17348,16575,18281,16362,15190,15379,13678,4672,4634,12334,10875,4709,4528,20889,11284,4494,4720,4482,11286,4635,4599,8813,15235,133804,8813,8933,8976,8895,8876,8954,8652,292,249,354,8670,318,124769,241,125337,217,208,459,255,238,233,211,365,325,362,7722,297,383,271,205,329,6873,258,7525,358,382,330,354,10662,1313,446,11236,7295,7500,8554,484,7641,497,645,437,754,8910,612,573,8715,693,627,8218,524,6844,6926,10738,534,8033,424,542,359,9228,6593,690,609,718,609,527,601,1235,609,571,7017,893,7198,360,645,497,619,718,769,426,1116,872,9495,11961,747,894918,903,684,783,696,967,8159,924,907,7664,125675,478,7949,11705,10907,630,481,7073,9121,665,10947,508,12628,612,590,617,591,545,516,477,511,555,442,420,436,481,458,618,516,513,362,499,612,403,528,448,353,446,538,583,465,480,472,476,441,394,319,618,351,355,613,592,524,6598,395,640,631,449,425,565,515,485,451,7243,8165,578,7796,6731,436,6927,7387,633,633,515,328,1556,385,414,431,396,390,444,454,242,277,333,209,361,334,187,279,240,154,124687,232,483,314,298,213,374,186,236,166,6951,10645,251,10326,7126,290,264,237,8682,518,305,322,397,145,371,567,8257,278,193,232,8534,280,8428,44843
