592309,3969,2884,3007,3408,3474,4015,2732,3730,3283,2778,2794,3031,4550,3434,2961,3598,3194,3118,2789,3356,4283,2817,2806,3341,3419,2662,2906,3242,2875,3838,3364,3258,2687,3119,3421,4317,3181,2715,2773,3317,2774,3428,3792,3120,2772,2950,3443,2959,2819,3071,3450,2700,3366,2687,3820,2948,2778,2958,3482,3607,3760,2812,2614,3001,4377,3311,3048,3608,3744,2761,2719,2767,3466,3048,3056,3209,3232,2729,2751,3731,3352,3986,3247,3085,7426,3335,3143,3307,2733,3374,3095,2825,3505,2836,2947,3440,2979,2743,3576,3883,3416,3063,3756,3819,3356,3517,3429,3524,2871,3645,3376,3455,3378,3302,3295,3745,3212,3420,2759,3015,3125,3089,2635,2754,2969,2992,3650,3489,3541,3177,3906,2825,3978,3055,2884,3565,3468,3205,4729,3049,3796,3368,2655,4767,3704,2636,2721,3318,2498,3700,3407,2701,5019,4986,2714,3365,2952,2768,2657,3098,3587,3106,3286,3065,2790,3398,3319,3453,2674,3316,2665,3585,3039,2798,3182,3350,2713,3041,3315,3337,3325,2613,2998,2875,2802,2674,3608,2682,3020,3123,3494,3318,3631,3316,2826,3471,2776,2863,3227,3364,3158,3440,3053,3534,3011,3042,2743,3104,2743,3430,2706,2951,3427,2719,2646,3332,3323,4387,3395,2937,3634,2703,2949,3255,2736,2759,3718,2773,3245,3018,2738,4593,2700,3006,3259,3358,2709,3306,3013,3128,2747,3059,3094,3047,2609,3082,2939,3201,3649,2692,3025,3106,2671,3088,4545
