25547,7332,6942,7288,8258,52393,137,157,7905,148,149,117,10670,248,87,7267,8284,89,96,62,184,198,77,66,154,67,60,57,120,81,58,76,268,59,75,73,333,76,57,47,97,69,65,125,99,71,68,39,125,62,77,7802,104,111,85,53,131,103,56,187,101,103,75,78,542,327,85,130,252,6935,9509,153,596,108,93,68,163,210,51772,56,9680,52749,93,207,118,145,7727,173,111,7336,64,105,94,111,168,184,110,239,76,131,203,434,88,86,7072,226,6847,59,232,116,240,229,196,131,299,184,7417,9222,103,107,133,125,77,68,125,121,106,107,239,169,76,16013,185,9013,56,80,271,9840,261,8729,83,7156,84,81,515,83,51979,64,68,97,62,42,76,48,56,56,73,50,45,57,104,139,57,105,59,69,47,40,108,61,53,64,58,55,42,90,71,36,60,45,73,52,89,66,113,73,70,57,75,92,105,131,6891,10199,163,8280,7682,74,208,230,189,137,102,88,198,58,100,72,137,105,52221,108,83,74,80,60,84,46,53,82,78,50,73,82,166,66,92,49,94,73,74,62,6779,111,60,237,157,95,105,88,165,65,75,100,106,59,138,226,7312,96,112,100,10499,102,203,8840
