74370,1420,468,640,598,261,212,253,668,123,309,117,578,188,205,485,380,129,139,100,207,137,68,97,191,85,66,124,127,67,73,50,2605,86,55,63,96,173,199,117,134,123,106,76,64,194,379,81,123,153,122,330,101,59,97,79,120,119,155,151,151,104,98,94,244,398,234,433,189,837,228,131,166,122,77,74,154,513,173,95,629,116,131,363,105,321,309,344,88,109,52,132,58,207,319,438,71,1924,318,985,1042,2519,436,273,377,1292,236,69,1006,563,1227,1679,476,119,1737,1125,1582,1188,427,140,147,263,135,133,70,286,171,71,369,319,175,476,210,396,60,47,119,568,84,1316,75,271,34,59,117,59,86,56,52,29,35,41,76,59,33,42,73,46,37,22,67,57,102,48,79,73,63,33,89,51,69,61,91,43,51,78,47,193,49,76,85,74,111,73,70,41,62,43,89,29,32,77,537,120,178,102,61,41,147,271,117,191,49,33,1130,31,57,48,112,78,42,63,107,34,56,81,110,48,35,70,96,71,53,58,111,197,70,72,123,56,40,47,637,185,60,269,468,147,39,71,236,68,76,203,166,62,157,95,304,98,148,66,346,162,110,2987
