25441,638,249,354,248,315,184,477,225,167,199,196,184,597,175,743,214,169,174,189,153,562,155,185,222,213,199,284,207,157,170,485,218,328,318,365,423,360,287,366,384,364,293,510,504,361,310,346,481,336,297,350,376,346,311,416,389,337,293,341,382,432,401,494,495,1599,393,358,375,910,379,364,405,1397,1625,425,319,747,331,396,413,432,424,432,295,713,273,343,293,363,409,352,288,379,303,341,353,1463,235,417,369,551,413,343,297,393,288,308,319,374,360,436,309,346,359,455,450,495,2378,311,305,362,253,328,306,428,255,198,240,341,194,543,197,176,201,169,191,862,297,1107,351,408,236,189,143,190,236,185,161,167,197,162,182,192,231,176,197,200,199,158,156,424,249,389,178,178,240,184,184,169,235,194,181,145,271,236,177,138,260,164,278,1028,252,211,181,182,239,186,163,167,242,232,249,835,234,447,206,191,203,436,194,348,239,351,232,165,223,312,229,230,242,315,192,173,309,166,200,197,186,197,190,181,193,175,194,160,233,172,204,214,232,153,445,225,220,251,255,228,228,259,280,209,183,189,301,278,421,512,914,648,702,701,1105,510,417,3357
