64228,22212,21231,20781,4164,2491,2693,2363,4649,2340,2629,2206,3025,2110,2159,4041,20871,19222,19618,18865,2208,1747,1895,1609,2713,2055,1877,1864,2396,2416,2188,1935,15600,13439,14762,14737,2226,1589,1317,1851,1980,1464,1725,1745,1715,1574,114173,1493,19483,19102,18701,19907,1382,1305,1141,1163,2155,1987,1244,2109,1692,1631,1387,1313,3778,2852,2230,3136,2127,3898,2077,1705,2167,1588,1853,1415,1469,2744,2037,1239,3101,1969,2623,2073,1356,1913,1938,1683,1702,2214,1599,1539,1347,1921,1826,1553,3359,2435,1599,2068,2200,2447,1978,2048,2314,1767,2993,1456,1559,1397,1657,1519,2467,2232,1835,1498,3938,3828,1310,1347,1814,1285,1253,1272,1211,2558,1582,1452,3629,3493,2438,5206,2651,4167,2172,2329,2158,3895,2096,7870,1808,3697,2335,1683,1918,1478,1273,1451,1656,1709,1533,1476,1581,1295,1405,1506,2326,1855,1504,1982,2344,2128,1728,1692,1732,1665,1386,1473,1835,1585,1479,1406,1372,1330,2136,1475,1767,1834,1188,1057,1348,1169,1963,1201,1418,1067,962,1122,1085,1189,1064,1105,4761,3015,2437,3045,2281,1745,2375,2200,2235,2169,2181,1633,238882,1446,1734,1552,1837,1484,1561,1571,1342,1212,1388,1338,1752,1133,1281,1531,1336,1228,1344,1488,2770,2399,1878,1871,1920,1490,1655,1681,4717,2019,1986,2759,2164,1456,1668,1564,2339,1315,1551,1393,1583,1104,2151,2126,2629,1808,1290,2015,2491,1545,2247,26524
