195404,152,0,0,195556,0,0,0,0,0,0,0,0,0,0,0
