792,39,0,0,831,0,0,0,0,0,0,0,0,0,0,0
