193879,148,0,0,194027,0,0,0,1,0,0,0,0,0,0,0
