70384,443,11,1,70839,2,0,0,0,0,1,0,0,0,0,0
