371764,248,0,0,372012,0,0,0,0,0,0,0,0,0,0,0
