298002,471,0,0,298473,0,0,0,0,0,0,0,0,0,0,0
