193501,150,0,0,193651,0,0,0,0,0,0,0,0,0,0,0
