17897,629,172,164,18882,21,1,0,0,0,0,0,0,0,0,0
