185649,105,0,0,185754,0,0,0,0,0,0,0,0,0,0,0
