30244,128,0,0,30372,0,0,0,0,0,0,0,0,0,0,0
