627581,12356,39,5,639984,0,1,0,0,0,0,0,0,0,0,0
