193871,160,0,0,194031,1,0,0,0,0,0,0,0,0,0,0
