1143,37,1,0,1181,0,0,0,0,0,0,0,0,0,0,0
