6839,47,3,0,6889,0,0,0,0,0,0,0,0,0,0,0
