23337,52,0,0,23389,0,0,0,0,0,0,0,0,0,0,0
