18650,119,15,12,18798,0,2,0,0,0,0,0,0,0,1,0
