371037,198,0,0,371235,0,0,0,0,0,0,0,0,0,0,0
