194353,148,4,0,194505,0,0,0,0,0,0,0,0,0,0,0
