385450,170,28,5,385656,0,1,0,0,0,0,0,0,0,0,0
