194252,154,0,0,194406,0,0,0,0,0,0,0,0,0,0,0
