194174,139,0,0,194313,0,0,0,0,0,0,0,0,0,0,0
