137594,1053,49,9,138705,0,2,1,4,0,0,0,0,0,0,0
