141063,180,10,0,141253,0,0,0,0,0,0,0,0,0,0,0
