9324544,4198400
