549376,1845760000
