7780352,4198400
