4355588,4198400
