727552,1738018816
