34205306,786952
