127075,2420
