19473242,210935
