8863822,69593
