1983465,50115
