11594534,294306
