2010701,32729
