1396054,15868
