53580465,1274992
