92323134,2460732
