1219029,24876
