4543312,89533
