179707,3387
