1232196,12151
