87620337,2359120
