14156194,336913
