11169794,255883
