8896603,70726
