164174,3083
