11643507,266445
