227898,4749
