6168665,92475
