3779211,80253
