33075499,869204
