170758,3227
