2376357,55636
