2373280,31549
