34307466,788423
