6.88719460802,0.0463331605081,0.215251389097,2.82387778184,6.22931409487,6.60847393049,6.6557856443,6.68816111348,6.71541159874,6.83264612567,6.8465177451,6.85206603168,6.85648505566,6.85979159846,6.86283211327,6.86613951382,6.86883073979,6.87143241551,6.87360205476,6.87547326899,6.8770889573,6.87859623788,6.88011904492,6.88177242706,6.88335352961,6.88488900766,6.88630251067,6.88769503868,6.88903804553,6.89032272561,6.89163875809,6.89292491434,6.89416956647,6.89546429023,6.89668887233,6.89784899067,6.89899607347,6.90020738202,6.90138094639,6.9025301763,6.90375612402,6.90489090988,6.90604465234,6.90724648868,6.90832074688,6.90933333468,6.91033386924,6.91133644443,6.91227867352,6.91320279424,6.91412984849,6.91502245143,6.91588036948,6.91673142231,6.9176414165,6.91850305655,6.91935795751,6.92018941904,6.92099981709,6.92177748019,6.92255724355,6.92336438218,6.9241875078,6.9249696641,6.92574280089,6.9264970625,6.92728142726,6.92810318112,6.92898380514,6.9299326157,6.93090075045,6.93187639345,6.93290472811,6.93393676435,6.93505615169,6.93620554346,6.93739677115,6.93859423891,6.93986495984,6.94116362365,6.94244509409,6.94379561639,6.94515142772,6.94647614572,6.94781119833,6.94904777824,6.95023878849,6.95161084889,6.95310862794,6.95460130177,6.9561553569,6.95783097372,6.95963061125,6.96133668708,6.96322928667,6.96539626256,6.9679059524,6.97052803287,6.97352176848,6.97667292474,6.97975215835,6.98345787364,6.98997850794,7.22021122165,6.982476368900894
