6.60255138666,0.0681567817774,0.261068538467,2.36356088643,6.11256903406,6.24831401322,6.27632632301,6.28660546412,6.30389768181,6.32451409156,6.45119585893,6.47855544677,6.49707153063,6.50987911385,6.51947957706,6.52878866924,6.53784352319,6.54513200703,6.55333432742,6.55941360387,6.56452381841,6.5687975863,6.57383933798,6.57820306407,6.58285691108,6.58707993311,6.59057177436,6.59415899748,6.59759164561,6.6014833764,6.60425062733,6.6069517779,6.60959536742,6.61199288984,6.61439751471,6.61662284628,6.61842774989,6.62035073442,6.62219882113,6.62407743016,6.62623239823,6.62849518761,6.63049211912,6.63264297317,6.63460234521,6.63642243872,6.63821680016,6.63992540234,6.6414882693,6.64306336507,6.64480317035,6.6465340583,6.64828001087,6.65006669658,6.65179242033,6.65341149605,6.65522991484,6.65695749552,6.65846748665,6.66002639302,6.66145574379,6.66309330113,6.66459548349,6.66619692497,6.66762689676,6.66905665679,6.67041103473,6.67178735727,6.67314562364,6.67457544892,6.6759137359,6.67726011665,6.67856655719,6.67984964781,6.68104823135,6.68221385815,6.68336320809,6.68458087881,6.68592800019,6.68728199179,6.68861713038,6.6900187123,6.69135002528,6.69282573596,6.69452901586,6.69613586949,6.69758508757,6.69899730422,6.70058327342,6.70229156541,6.70378671748,6.70544449451,6.70731493461,6.70932224504,6.71163417813,6.71366170748,6.7156546029,6.71755718169,6.71940882816,6.72161115127,6.72459006459,6.72852596772,6.73267680362,7.08553855644,6.732232791292985
