2.67664213526,14.0548884775,3.74898499297,-4.11417319483e-14,-1.82711376411e-14,-1.82711376411e-14,-1.82711376411e-14,-1.82711376411e-14,-1.82711376411e-14,-1.82711376411e-14,-1.82711376411e-14,-1.82711376411e-14,-1.82711376411e-14,-1.82711376411e-14,-1.82711376411e-14,-1.82711376411e-14,-1.82711376411e-14,-1.82711376411e-14,-1.82711376411e-14,-1.82711376411e-14,-1.82711376411e-14,-1.82711376411e-14,-1.82711376411e-14,-1.82711376411e-14,-1.82711376411e-14,-1.82711376411e-14,-1.82711376411e-14,-1.82711376411e-14,-1.82711376411e-14,-1.82711376411e-14,-1.82711376411e-14,-1.82711376411e-14,-1.82711376411e-14,-1.82711376411e-14,-1.82711376411e-14,-1.82711376411e-14,-1.82711376411e-14,-1.82711376411e-14,-1.82711376411e-14,-1.82711376411e-14,-1.82711376411e-14,-1.82711376411e-14,-1.82711376411e-14,-1.82711376411e-14,-1.82711376411e-14,-1.82711376411e-14,-1.82711376411e-14,-1.82711376411e-14,-1.82711376411e-14,-1.82711376411e-14,-1.82711376411e-14,-1.82711376411e-14,-1.82711376411e-14,-1.82711376411e-14,-1.82711376411e-14,-1.82711376411e-14,-1.82711376411e-14,-1.82711376411e-14,-1.82711376411e-14,-1.82711376411e-14,-1.82711376411e-14,-1.82711376411e-14,-1.82711376411e-14,-1.82711376411e-14,-1.82711376411e-14,-1.82711376411e-14,-1.82711376411e-14,-1.82711376411e-14,-1.82711376411e-14,1.08024229294,7.08895394673,7.9756548341,7.97852143305,7.97924860184,7.9796857547,7.98002019305,7.98029870082,7.98052350048,7.98071319444,7.98089856333,7.9810807936,7.98125624807,7.98142654591,7.98160007771,7.98175525279,7.98190470387,7.98204886328,7.98218478201,7.98231091948,7.98242822175,7.98254855514,7.98266928411,7.9827985027,7.98293265382,7.98308294668,7.98324719875,7.98340886498,7.98356556489,7.98373992665,7.98394582651,7.9841866491,7.98449621399,7.98491450024,7.98632767287,3.6117040888275467
