6.02962397982,2.82145007304,1.67971725985,1.27266236206,1.32573889636,1.4389219959,1.49054199779,1.54902368054,1.5694207689,1.6497854919,1.68197686409,2.05786700643,3.21334799158,3.82917212503,4.25461462342,4.45783461248,4.67682095972,4.77254070213,4.98142529672,5.10903172311,5.26646497196,5.32632890979,5.45361985287,5.54979472835,5.58327113324,5.6126252131,5.65302730441,5.7496999939,5.79410391398,5.84731281586,5.89315617468,5.92132539848,5.95057186749,5.99556790279,6.02225015117,6.0467940307,6.06456763789,6.07745846184,6.09405932555,6.11123884075,6.12826278548,6.14511120698,6.1542926692,6.16097948134,6.17026106206,6.17866755657,6.18501724054,6.19162109161,6.19616734843,6.20267143045,6.20682936411,6.21135390806,6.21616565868,6.22555227218,6.23614086099,6.24819595482,6.26025424645,6.27051377852,6.28306391748,6.29187509363,6.2969378837,6.30176865311,6.30790725515,6.31281990271,6.32087638398,6.33016018623,6.33913288595,6.34768620414,6.36011408876,6.36996993764,6.38898945989,6.40403642362,6.42756117704,6.4482315778,6.47013651943,6.5422552423,6.62830560418,6.76855646848,6.81120012251,6.82677889812,6.86723188313,7.03284600379,7.65191735685,7.97699606028,7.97849562951,7.97893717529,7.97927887211,7.97966662751,7.97997014354,7.98021759257,7.98043324137,7.9806174846,7.98081964369,7.98100958617,7.98120279049,7.98147004179,7.981730413,7.98199226049,7.98230914571,7.98262990684,7.98306059939,7.98358242788,7.98397057756,7.98530870626,6.91051543016702
