7.07401996833,2.03163604426,1.42535470823,2.25051494023,3.51107999629,3.61841746172,3.66727343199,3.7301013087,3.84536249353,4.04788031315,4.24191489896,4.41918110675,4.5391097615,4.61463481288,4.73175233376,4.87075059639,4.92069344109,4.98010596344,5.02978877172,5.10378643635,5.19668677693,5.27774850819,5.3313882146,5.46580856203,5.6346613172,5.81792133055,5.96342446738,6.14196966744,6.31011146827,6.47192772764,6.61528666824,6.72075132815,6.83861152528,6.96014872677,7.17151183008,7.37251787683,7.51537122239,7.60363597589,7.68474428421,7.75567992142,7.85044278841,7.8579240842,7.85963138551,7.86172440793,7.92051321863,7.95144194321,7.97801511831,7.97843735407,7.97862777032,7.9787780311,7.97890701853,7.97904115295,7.9792073216,7.97936953221,7.97949860782,7.97963293571,7.97976276399,7.97989549104,7.9800495374,7.98022409107,7.98042733274,7.98058663197,7.98071649423,7.98082200437,7.98090415307,7.98098652478,7.98108749384,7.9812155058,7.9813242381,7.98139929189,7.98146593859,7.98153953637,7.98161905501,7.98170990862,7.98177952923,7.98183777482,7.98189611171,7.98195411767,7.9820183048,7.98208807578,7.98215570256,7.98222919378,7.98229709027,7.98236157953,7.98242583007,7.98248967305,7.98254852761,7.98260755022,7.98266349813,7.98271414218,7.98276241572,7.98281107551,7.9828621099,7.98291275707,7.98296550821,7.98302286694,7.98308832957,7.98316810386,7.98327300562,7.98342974649,7.98360318807,7.98378034949,7.98397891763,7.98489284178,7.488713051858494
