4.86251139645,0.204840405159,0.452592979573,3.20068924878,4.19056598395,4.62937065044,4.64430176045,4.6550193932,4.66326377919,4.66990863238,4.67504923484,4.67973674606,4.68340989566,4.68632434617,4.68905108745,4.69123880367,4.69315680654,4.69492529553,4.69669280722,4.69837023732,4.69995644649,4.70142023434,4.7027556932,4.70403057097,4.70525411765,4.70637674534,4.70745641788,4.70854115255,4.70962265047,4.71066756183,4.711660882,4.7126026751,4.71353119893,4.71446539249,4.71535990648,4.71622761816,4.71711413274,4.71800243878,4.71888036663,4.71972895435,4.7205851893,4.72143587488,4.7222799832,4.72312372364,4.72395257713,4.7247890169,4.72563709303,4.72648917775,4.72731050707,4.72813141852,4.72893529302,4.7297568959,4.7305875397,4.73142587066,4.73224591662,4.73306269745,4.73389103165,4.73469983047,4.73548327838,4.73628399477,4.73712212007,4.73796082113,4.73882839312,4.73968574611,4.7405189206,4.74136326356,4.74223244192,4.74314170389,4.74402263851,4.74488287165,4.74574218648,4.74660998958,4.74753933485,4.74846446594,4.74942083279,4.75040385175,4.75137053367,4.75234644177,4.7533916173,4.7545108304,4.75567442557,4.75681207506,4.75798863748,4.7592728394,4.76069968531,4.762307084,4.76411600784,4.76628512136,4.76881355686,4.7718466884,4.77612832206,4.78171883175,4.83582629738,5.68043290423,5.94962094714,5.97209824,6.0106389259,6.03766612907,6.06396611079,6.10935604992,6.15323393282,6.46579233729,6.56813166988,6.67916843044,5.242288963807101
