2.87089989991,14.3579769135,3.78919211884,-0.000144276717347,-0.000144276717347,-0.000144276717347,-0.000144276717347,-0.000144276717347,-0.000144276717347,-0.000144276717347,-0.000144276717347,-0.000144276717347,-0.000144276717347,-0.000144276717347,-0.000144276717347,-0.000144276717347,-0.000144276717347,-0.000144276717347,-0.000144276717347,-0.000144276717347,-0.000144276717347,-0.000144276717347,-0.000144276717347,-0.000144276717347,-0.000144276717347,-0.000144276717347,-0.000144276717347,-0.000144276717347,-0.000144276717347,-0.000144276717347,-0.000144276717347,-0.000144276717347,-0.000144276717347,-0.000144276717347,-0.000144276717347,-0.000144276717347,-0.000144276717347,-0.000144276717347,-0.000144276717347,-0.000144276717347,-0.000144276717347,-0.000144276717347,-0.000144276717347,-0.000144276717347,-0.000144276717347,-0.000144276717347,-0.000144276717347,-0.000144276717347,-0.000144276717347,-0.000144276717347,-0.000144276717347,-0.000144276717347,-0.000144276717347,-0.000144276717347,-0.000144276717347,-0.000144276717347,-0.000144276717347,-0.000144276717347,-0.000144276717347,-0.000144276717347,-0.000144276717347,-0.000144276717347,-0.000144276717347,-0.000144276717347,-0.000144276717347,-0.000144276717347,0.040406521856,4.73980178861,6.09909534406,7.91402255254,7.9738722659,7.97662724439,7.97787633615,7.97844975329,7.97883335884,7.97916333736,7.97945328774,7.9797247776,7.97998389853,7.98020939456,7.98039633028,7.98056187945,7.98070247434,7.98082660204,7.98094737288,7.98108166191,7.98121672838,7.98135073259,7.98148135828,7.98161037473,7.9817365653,7.98186334859,7.98199933992,7.98215067867,7.98230962931,7.98246998306,7.98265044582,7.98281742133,7.98299250723,7.98319372113,7.98344002692,7.98376338434,7.98424844213,7.98665235844,3.851536693159915
