4.60899827933,0.973456824177,0.986639156012,1.89524871387,3.00555858429,3.33100134646,3.77314825165,3.97684099263,3.99219757377,4.00001864368,4.00593752257,4.01075397972,4.01416934897,4.01786999375,4.02095509573,4.02461561256,4.0286373503,4.03263415409,4.03628450659,4.03918066926,4.04149569048,4.04356977316,4.04542803668,4.04709952284,4.04861374414,4.05011413041,4.05162116861,4.05303732657,4.05437506389,4.05560410274,4.05684184571,4.0580480933,4.05917208017,4.06016014405,4.06117103434,4.0621483226,4.06318311629,4.06424408147,4.06523113227,4.06614747248,4.06711053462,4.06799445241,4.06883094989,4.06967154685,4.07047746074,4.07127361911,4.07207540959,4.07286743707,4.07367224366,4.07449675162,4.07530829979,4.07614167256,4.07697997556,4.07783329039,4.07867542753,4.07952001185,4.08036699601,4.08120998702,4.08210879783,4.08307226093,4.08404480001,4.08516940515,4.08628990137,4.08735402663,4.08848981855,4.08963902664,4.09092277047,4.09232879818,4.09400300129,4.09570721587,4.0976017921,4.10005631881,4.10301665449,4.1077460173,4.11844779839,5.0292696986,5.35817632643,5.50270961929,5.68779285316,5.70940006304,5.74136595986,5.77548975508,5.79447624828,5.82033178125,5.84880692422,5.87518961071,5.89504340339,5.91273431994,5.93483912446,5.96455738875,5.99316710694,6.02019013073,6.04505314774,6.06565451704,6.18634038656,6.28021077711,6.4759620768,6.50345406048,6.54562591754,6.59897906231,6.66473143691,6.71856452034,7.45035967536,7.98412507368,5.2846296952420655
