5.22574104431,0.2970257969,0.545000731101,1.53762626907,4.46368414538,4.93891143045,4.96051692834,4.97116051161,4.97811843099,4.98322300697,4.9870255425,4.99002345726,4.99266365125,4.99499279811,4.997094429,4.99910030771,5.00096445781,5.00268700265,5.0043039276,5.00584041335,5.00732174098,5.00877231962,5.01017263786,5.01151226789,5.01278265301,5.01399923065,5.01515636308,5.01628369404,5.01738751847,5.0184519515,5.01948847814,5.0205110514,5.02151686626,5.02249378536,5.02346666481,5.02444337063,5.02539495987,5.0263372038,5.02726902905,5.02819331029,5.02911418221,5.03003582123,5.03094158284,5.03184997782,5.03274876284,5.03365132547,5.03454665896,5.03543704944,5.03633012829,5.03719994967,5.03807338397,5.03895085097,5.03983927962,5.04073988026,5.04163777416,5.04252838654,5.04341833766,5.0443107297,5.0452103273,5.04613497437,5.04707765579,5.04804329081,5.04902253467,5.05002159182,5.05105326993,5.05210203896,5.05314640161,5.05420736473,5.05529591964,5.05643213282,5.05757331265,5.0587434311,5.05999094512,5.06126742277,5.06255705705,5.06386283685,5.06521344225,5.0666254734,5.06809240445,5.06958398242,5.07120028048,5.07292016074,5.07486126896,5.07710819698,5.07960258004,5.08273533249,5.08726171912,5.09504888868,5.29115210544,5.93072069872,6.01493886276,6.11058284669,6.19048283078,6.23841812752,6.32752817943,6.35699697505,6.38122777776,6.44358097446,6.50511506737,6.56569925255,6.62314723739,6.71460568069,7.08283689443,7.97266961235,5.6966861612767135
