4.8903926876,0.878014414516,0.937024233687,-0.000144276715924,1.57046681787,3.56829769267,3.84511317934,4.14432743777,4.34196031041,4.35223197202,4.36767165568,4.3721256847,4.37817101203,4.38162873054,4.38550917977,4.39024739232,4.3953117635,4.39854651639,4.40309779562,4.40712083916,4.41053410298,4.41328958587,4.41677524894,4.42116867486,4.42489736157,4.42842469897,4.43608189077,4.44630721242,4.45567796633,4.46551897321,4.47590529825,4.48968588204,4.50199857548,4.51612849099,4.52562133441,4.53471213565,4.54272047417,4.54647471576,4.54996834448,4.55376611977,4.55822177852,4.56190999345,4.56566846251,4.56882584608,4.57202420964,4.57542248453,4.57969780386,4.58430643688,4.58838641127,4.59179865076,4.59669067621,4.60171615286,4.60626692095,4.61220845503,4.61737432142,4.62240725003,4.62869394347,4.63411262876,4.63886872067,4.64294114553,4.64812392585,4.65341484154,4.65892431976,4.66779659746,4.6801071025,4.69352172479,4.704901376,4.71577593727,4.72200957944,4.72730924406,4.73102648435,4.73950016679,4.75747564293,4.79180448743,4.83393285999,4.86195447013,4.88641038311,4.92715843019,4.97725098877,5.03298804885,5.06205635646,5.1086595713,5.16601144303,5.38006581618,5.4843016108,5.62775567715,5.75489149699,5.88938433647,6.08919623835,6.37466284431,6.46237390824,6.4820629457,6.51522879559,6.55152861057,6.57169145603,6.61006409839,6.63410074579,6.67883413587,6.69945712779,6.70902962992,6.71900074435,6.73289216776,7.19563463236,7.65928390597,5.61698911115379
