2.68554962619,14.1204706276,3.75772146754,-1.89927826071e-14,-1.89927826071e-14,-1.89927826071e-14,-1.89927826071e-14,-1.89927826071e-14,-1.89927826071e-14,-1.89927826071e-14,-1.89927826071e-14,-1.89927826071e-14,-1.89927826071e-14,-1.89927826071e-14,-1.89927826071e-14,-1.89927826071e-14,-1.89927826071e-14,-1.89927826071e-14,-1.89927826071e-14,-1.89927826071e-14,-1.89927826071e-14,-1.89927826071e-14,-1.89927826071e-14,-1.89927826071e-14,-1.89927826071e-14,-1.89927826071e-14,-1.89927826071e-14,-1.89927826071e-14,-1.89927826071e-14,-1.89927826071e-14,-1.89927826071e-14,-1.89927826071e-14,-1.89927826071e-14,-1.89927826071e-14,-1.89927826071e-14,-1.89927826071e-14,-1.89927826071e-14,-1.89927826071e-14,-1.89927826071e-14,-1.89927826071e-14,-1.89927826071e-14,-1.89927826071e-14,-1.89927826071e-14,-1.89927826071e-14,-1.89927826071e-14,-1.89927826071e-14,-1.89927826071e-14,-1.89927826071e-14,-1.89927826071e-14,-1.89927826071e-14,-1.89927826071e-14,-1.89927826071e-14,-1.89927826071e-14,-1.89927826071e-14,-1.89927826071e-14,-1.89927826071e-14,-1.89927826071e-14,-1.89927826071e-14,-1.89927826071e-14,-1.89927826071e-14,-1.89927826071e-14,-1.89927826071e-14,-1.89927826071e-14,-1.89927826071e-14,-1.89927826071e-14,-1.89927826071e-14,-1.89927826071e-14,-1.89927826071e-14,-1.89927826071e-14,1.08505382803,7.95203702192,7.97681835157,7.9784483816,7.97894323965,7.97933419911,7.9796429317,7.97989963137,7.9801034974,7.98028255509,7.98045426357,7.98061539342,7.98076513589,7.98090859909,7.9810534452,7.98119371157,7.98133356357,7.98146705911,7.98159555426,7.98171832177,7.98183854794,7.98196855665,7.9821020992,7.98224148551,7.98240108773,7.98257971439,7.98276561119,7.98296878109,7.98316331405,7.98336504906,7.98357509043,7.9837760242,7.98405408495,7.9845261161,7.98659588405,3.62782968011063
