5.13638217316,0.130842896391,0.361722125935,2.71177394309,4.91781861307,4.97438364411,4.9863113279,4.99368639082,4.99925037762,5.00344999653,5.00694828181,5.01004011328,5.01276107648,5.01508042621,5.0171811191,5.01914136087,5.02096196955,5.02267823589,5.02427984512,5.02578019618,5.02723151612,5.02858478052,5.02994332171,5.03121503044,5.03246333739,5.03364849954,5.03480497874,5.03593207371,5.03700571936,5.03806310568,5.03908833611,5.04008237346,5.04105250811,5.04201979117,5.04295854668,5.04387905299,5.0448030181,5.04570662443,5.04659316695,5.04745796424,5.04830337009,5.04912750763,5.04995383269,5.05076559949,5.05157044402,5.05237031894,5.05317892772,5.0539799467,5.05479388249,5.05559270616,5.05638691527,5.05718431721,5.057992002,5.05878127141,5.05958021018,5.06038500947,5.06118837373,5.06201227207,5.06283578476,5.06366575463,5.06447773111,5.06529364998,5.06612116949,5.06695450105,5.06778060558,5.06862157978,5.06947882308,5.07033669156,5.07120681955,5.07209785669,5.0729964912,5.0739202185,5.07485149599,5.07578408536,5.0767463986,5.07775192055,5.07876304045,5.07979244555,5.0808479855,5.08194230473,5.08306988561,5.08423683755,5.08545559434,5.08673473546,5.08804313889,5.08946322374,5.09096529003,5.09256886749,5.09434764567,5.09631634454,5.09848733534,5.10096680657,5.10382241184,5.10728140285,5.11174051865,5.11928711978,5.25038687484,6.09197063029,6.13101941537,6.17480694347,6.22831391321,6.45639111397,6.66005651202,7.98283527677,5.423152714814976
