6.64989589772,3.00365966213,1.73310693904,1.0840001563,1.13161538484,1.35184532525,2.09266968265,2.66106619773,2.76775429663,3.36594209569,3.4671655658,3.60961401739,3.72962026045,3.84651514521,4.02520916293,4.19113771809,4.2600452992,4.55392262335,4.86058312012,4.97001627917,5.16321651193,5.39726107087,5.49323208007,5.54444066271,5.58691191074,5.72775841335,5.8886984945,6.00626043535,6.05133817986,6.09027254284,6.10491585462,6.16506698627,6.24119854358,6.26488190749,6.28171605395,6.29646439778,6.30350890304,6.31175408373,6.31926323187,6.32989840704,6.3355697467,6.34429631529,6.36366094193,6.37593612134,6.38796747136,6.44248677257,6.75237640932,7.13848125922,7.18137357419,7.30534047154,7.40377021245,7.47339798429,7.55990081355,7.6552641855,7.74865105087,7.80915966222,7.85129492729,7.85453538434,7.86022787803,7.86317502237,7.90345072525,7.92673317776,7.93344276594,7.93483531361,7.93727100279,7.94071060585,7.94464576703,7.94985521122,7.95740530387,7.95888915855,7.95998278979,7.96077225319,7.96124539983,7.96166984824,7.96212871098,7.96267099606,7.96307214574,7.9633985062,7.9638143241,7.9642599382,7.96493249768,7.96554465763,7.96624731841,7.96678641126,7.96717887567,7.96750172851,7.96784044183,7.9682099655,7.96853365577,7.96888027702,7.96929654213,7.96962197048,7.97006704962,7.97033758429,7.9705650073,7.97087020889,7.97134718676,7.97180214656,7.97245282847,7.97303375999,7.97362540272,7.9745786353,7.97533796215,7.97710649394,7.340463183940253
