4.07562801073,15.6756274065,3.95924581284,-0.000144276717356,-0.000144276717356,-0.000144276717356,-0.000144276717356,-0.000144276717356,-0.000144276717356,-0.000144276717356,-0.000144276717356,-0.000144276717356,-0.000144276717356,-0.000144276717356,-0.000144276717356,-0.000144276717356,-0.000144276717356,-0.000144276717356,-0.000144276717356,-0.000144276717356,-0.000144276717356,-0.000144276717356,-0.000144276717356,-0.000144276717356,-0.000144276717356,-0.000144276717356,-0.000144276717356,-0.000144276717356,-0.000144276717356,-0.000144276717356,-0.000144276717356,-0.000144276717356,-0.000144276717356,-0.000144276717356,-0.000144276717356,-0.000144276717356,-0.000144276717356,-0.000144276717356,-0.000144276717356,-0.000144276717356,-0.000144276717356,-0.000144276717356,-0.000144276717356,-0.000144276717356,-0.000144276717356,-0.000144276717356,-0.000144276717356,-0.000144276717356,-0.000144276717356,-0.000144276717356,-0.000144276717356,-0.000144276717356,4.74572881985,7.17592150127,7.97000540615,7.97531393653,7.97761556787,7.97809629927,7.97843038143,7.97867638714,7.97890260032,7.97909414319,7.97925414385,7.97940018133,7.97953954156,7.97967902107,7.97981366808,7.9799413058,7.98006104811,7.98017758816,7.98028622061,7.98039492553,7.98050175704,7.98060579951,7.98070447914,7.98080137828,7.98089419629,7.98098496326,7.98107381119,7.98116227148,7.98124819369,7.98133286996,7.98142040279,7.98151009174,7.98160450428,7.98169485559,7.98178498196,7.98187818798,7.98198172628,7.98209676923,7.98221498299,7.98233448173,7.9824521589,7.9825775401,7.98271162111,7.98283699507,7.982966694,7.98311643599,7.98328821815,7.98348720958,7.98372319073,7.98402243389,7.98449241558,7.98680241581,5.103895375140549
