295,248,1,1,36,1,1,3,0,6,4,0,12,3,0,49,7,0,3,2,436,425,156,380,159,55
