497,637,6,4,50,19,3,11,29,140,7,21,36,8,29,51,8,32,24,5,688,106,540,552,576,273
