816,650,1,16,27,1,1,3,0,107,63,0,12,0,0,156,42,0,62,60,1595,1031,339,1292,412,376
