115,105,1,1,6,1,1,3,0,1,0,0,0,0,0,2,0,0,0,0,161,177,90,109,207,224
