1023,22,7,3,9,2,2,4,5,19,2,3,2,0,4,27,8,3,4,7,1286,1427,10,944,19,102
