1103,23,5,2,5,3,1,4,5,14,6,2,2,0,3,30,2,5,3,7,1198,1541,7,1212,6,101
