2451,10353,1,477,1067,1,1,3,50,933,283,6,385,85,5,231,101,20,151,67,17624,12131,4115,11962,5478,2089
