84,89,1,1,18,1,1,3,2,1,0,0,0,0,0,0,0,0,0,0,122,147,80,83,258,271
