526,828,1,13,15,1,1,3,0,105,104,0,57,0,0,112,49,0,89,64,963,525,246,979,285,286
