390,274,9,1,48,1,1,3,2,26,15,0,11,5,0,48,8,0,13,3,572,454,140,401,192,304
