30,23,1,1,25,1,1,3,0,1,0,0,0,0,0,2,0,0,0,0,119,35,19,51,39,44
