1279,1143,2,2,93,2,2,4,37,80,54,0,68,0,4,123,9,6,104,11,2562,1339,1195,978,737,2525
