852,1511,1,11,153,1,1,3,22,353,22,2,149,5,0,161,17,11,119,11,3332,1500,886,1839,1176,822
