143,94,1,1,115,1,1,3,0,1,0,0,0,0,0,2,0,0,0,0,371,180,82,154,184,225
