104,188,1,1,98,1,1,3,0,16,2,0,25,0,0,16,0,0,0,0,342,112,142,187,129,299
