415,567,1,22,70,1,1,3,0,20,39,0,19,3,0,52,19,0,4,19,784,537,242,613,277,242
