431,265,3,241,65,1,1,3,24,12,4,2,6,0,0,60,8,1,3,2,719,426,632,444,233,242
