3,1,0,119,0,0,0,0,1,5,0,0,2387,127,0,2,55,4,0,0,0,0,0,0,0,0,0,0,0,0,0,0,4,0,0,12,0,0,0,0,0,1,0,0,4,0,2,6,0,64,1,0,59,0,0,0,0,0,80,0,55,287,0,0,0,0,1,0,87,0,0,0,0,0,0,0,0,0,0,0,0,0,0,0,0,0,0,0,3,4,0,0,2
