53,56,0,16,0,9,0,0,22,20,0,0,284165,271,17,6,7,3,0,0,0,0,0,0,0,0,0,0,4,0,0,2,10,36,0,16,6,0,0,0,4,64,0,0,1,1,11,2,0,70,1,2,46,0,2,26,15,0,50,1,7,151,4,0,0,0,0,0,2,5,9,6,2,14,0,0,0,0,0,0,10,0,5,0,0,1,0,0,22,10,4,16,19
