191,1,0,171,0,0,0,0,7,3,0,0,1076,176,2,39,45,3,0,0,0,0,0,0,0,0,0,0,0,0,0,0,3,0,0,10,2,0,0,0,0,0,0,0,7,0,1,40,0,155,0,0,47,1,0,4,0,0,172,0,45,368,0,0,0,0,0,0,46,0,0,0,0,8,0,0,0,0,0,0,0,0,0,0,0,0,0,0,55,6,0,0,6
