2,1,0,119,0,0,0,0,0,2,0,0,2383,129,0,2,57,4,0,0,0,0,0,0,0,0,0,0,0,0,0,0,4,0,0,13,0,0,0,0,0,2,0,0,3,0,1,5,0,65,1,0,57,0,0,0,0,0,157,0,57,354,0,0,0,0,1,0,88,0,0,0,0,0,0,0,0,0,0,0,0,0,0,0,0,0,0,0,2,3,0,0,2
