105,13,0,139,16,0,0,0,102,24,0,0,2136068,526,36,123,65,3,2,1,4,1,4,8,0,70,0,0,127,0,113,1,6,52,0,85,12,0,3,14,25,50,8,0,35,0,60,88,0,498,4,8,65,4,27,62,0,0,98,1,65,208,1,0,2,0,5,0,115,0,0,0,16,5,0,0,0,0,0,0,46,0,10,0,0,0,0,0,80,49,1,0,58
