141,41,0,251,3,4,2,0,55,5,0,0,1019250,653,16,24,89,4,2,2,4,2,0,5,0,0,0,0,4,1,0,0,10,12,0,14,0,0,0,1,4,9,8,0,28,0,28,97,0,881,17,0,127,0,0,23,1,0,92,0,89,685,1,0,0,0,0,0,113,0,0,1,5,4,0,0,0,0,3,1,5,0,4,0,0,2,1,0,47,6,0,4,29
