115,1,0,168,0,0,0,0,7,2,0,0,1625,170,3,39,55,3,0,0,0,0,0,0,0,0,0,0,0,0,0,0,3,0,0,6,2,0,0,0,0,0,0,0,8,0,2,50,0,186,0,0,60,0,0,9,0,0,164,0,55,431,0,0,0,0,0,0,55,0,0,0,0,5,0,0,0,0,0,0,0,0,0,0,0,0,0,0,68,8,0,1,7
