70,16,0,155,0,0,0,0,60,3,0,0,10960,6309,0,65,13,7,0,0,0,0,0,0,0,0,0,0,0,0,0,0,5,0,0,12,2,0,2,1,13,16,1,0,37,0,48,101,0,297,4,0,13,0,1,0,0,0,62,0,13,392,0,0,0,0,2,0,20,0,0,0,1,0,0,0,0,0,0,0,1,0,2,0,0,0,0,0,27,50,0,0,42
