418,12,0,167,1,0,1,1,178,3,0,0,5382,2768,4,82,50,3,0,0,0,0,0,0,0,1,0,0,1,1,0,1,3,5,0,22,1,0,4,4,4,70,15,0,66,0,77,17,1,2535,23,0,89,0,2,13,1,0,28,2,51,384,0,0,0,0,0,0,29,0,1,1,19,7,0,0,0,0,0,0,32,0,2,0,1,0,0,0,362,2,0,8,10
