259,0,0,92,0,0,0,0,104,2,0,0,1219,7505,1,65,11,4,0,0,0,0,0,0,0,0,0,0,0,0,0,0,3,0,0,12,37,0,0,0,53,1,0,0,54,0,25,204,0,18,83,0,14,0,0,184,0,0,3,0,11,170,0,0,0,0,0,0,14,0,0,0,0,98,0,0,0,0,0,0,0,0,0,0,0,0,0,0,89,119,0,0,291
