97,1,0,138,0,0,0,0,9,2,0,0,2485,145,1,0,44,3,0,0,0,0,0,0,0,0,0,0,0,0,0,0,3,1,0,5,1,0,0,0,0,1,0,0,6,0,7,37,0,157,0,0,47,0,0,7,0,0,141,0,44,353,0,0,0,0,0,0,46,0,0,0,0,3,0,0,0,0,0,0,0,0,0,0,0,0,0,0,54,6,0,1,9
