2448,3096,0,1407,0,0,0,0,4,11,0,0,296,19431,81,248,1043,2,1,0,462,0,0,0,0,1901,0,0,1496,0,2,1867,2,88,0,67,0,0,0,0,1,29,0,0,463,0,21,1956,0,26118,0,0,1043,13,894,840,0,0,2829,0,1043,3711,0,0,0,0,1,0,1055,0,0,0,0,0,0,0,0,0,0,0,529,0,392,0,0,0,0,0,2254,480,0,0,57
