393,222,0,508,33,16,1,0,610,230,0,0,888854,973,79,13,139,3,42,3,1,0,0,5,0,213,0,0,139,0,44,34,8,163,0,245,121,0,18,29,60,392,56,0,354,0,436,458,0,2675,327,24,140,17,34,227,0,0,666,23,139,1278,23,0,0,0,9,0,408,12,7,0,42,15,0,0,0,155,2,4,97,0,45,0,0,73,0,0,377,520,1,2,476
