3,3,0,3,1,0,1,5,6,18,0,209,3,110,668,233310,73,719,181,540,209,62,10,8,225,60,26,0,0,0,0,227,0,0,0,0,0,0,0,0,7,0,0,1,2,49,0,0,0,5,0,6,98,0,1,0,2,0,0,0,72,209,0,0,0,0,0,0,1,0,0,0,0,4163,230634,2324,0,0,0,0,0,39,0,0,0,0,3,4,0,0,0,0,0,0,0
