3,3,0,12,4,0,4,3,0,14,0,3,0,15,168,784328,39,296,106,105,1,39,1,0,142,0,8,0,0,0,0,68,0,0,0,0,0,0,0,0,0,0,0,4,0,2,0,1,2,6,3,0,7,1,0,0,2,1,0,0,51,3,0,0,0,0,0,0,0,0,0,0,0,686,783885,3309,0,0,0,0,0,166,0,0,0,0,0,4,0,0,0,0,0,0,0
