3,3,0,12,4,0,4,8,0,15,0,2,0,14,165,1043,39,183,135,96,0,39,1,0,146,0,11,0,0,0,0,57,0,0,0,0,0,0,0,0,0,0,0,4,0,2,5,4,3,5,3,0,19,1,0,0,2,2,0,0,51,2,0,0,0,0,0,0,0,0,0,0,0,261,1006,1963,0,0,0,0,0,46,0,0,0,0,0,4,0,0,0,0,0,0,0
