3,3,0,24,8,0,8,26,17,70,0,245,18,282,751,3097106,223,1131,383,732,245,216,84,54,450,63,71,0,0,0,0,298,0,0,0,0,0,0,0,0,7,0,2,8,10,75,2,3,4,17,14,12,172,2,1,1,5,3,3,0,236,245,0,0,0,0,0,1,2,0,0,0,0,3094512,4356,5505,0,0,0,0,0,52,0,0,0,0,0,4,0,0,0,0,0,0,0
