4,4,0,6,3,0,3,5,0,20,0,16,0,56,1244,264515,28,110,123,10,42,46,17,3,89,0,14,0,0,0,0,25,0,0,0,0,0,4,0,0,42,0,2,3,0,6,6,0,0,2,1,5,22,0,0,1,1,0,1,0,6,2,0,0,0,0,0,0,0,0,0,0,0,347,264208,882,0,0,0,0,0,26,0,0,0,0,0,6,0,0,0,0,0,0,0
