3,3,0,24,8,0,8,11,8,44,0,312,3,622,1009,25555,145,1971,1256,1021,314,123,238,198,934,168,70,0,0,0,0,498,0,0,0,0,0,0,0,0,13,0,1,8,10,135,5,0,1,16,3,39,214,0,1,0,3,0,0,0,153,311,0,0,0,0,0,0,0,0,0,0,0,21635,6519,217189,0,0,0,0,0,118,0,0,0,0,24,4,0,0,0,0,0,0,0
