4,4,0,0,2,0,0,7,9,26,0,689,16,1171,961,889069,17,2284,1297,965,689,83,361,30,949,213,32,0,0,0,0,492,0,0,0,0,0,0,0,0,18,0,0,0,3,73,0,0,1,6,2,8,244,0,1,1,3,0,0,0,0,689,0,0,0,0,0,0,0,0,0,0,0,859890,31367,19345,41,0,0,0,0,143,0,0,0,0,0,4,0,0,0,0,0,0,0
