3,3,0,0,0,0,0,0,0,1,0,31,0,375,216,96247,40,425,184,3,81,0,27,5,80,0,1,0,0,0,0,6,0,0,0,0,0,49,0,0,81,0,0,0,0,0,0,0,0,0,0,0,24,0,0,0,0,0,0,0,0,4,0,0,0,0,0,0,0,0,0,0,0,76816,21514,2369,0,0,0,0,0,25,0,0,0,0,0,4,0,0,0,0,0,0,0
