3,3,0,9,3,0,3,10,6,18,0,248,38,463,595,1078218,86,1319,725,720,250,78,104,9,546,70,31,0,0,0,0,288,0,0,0,0,0,0,0,0,10,0,2,3,4,66,0,0,1,6,2,9,182,0,1,1,3,0,0,0,87,247,0,0,0,0,0,0,0,0,0,0,0,1054426,25161,8661,0,0,0,0,0,83,0,0,0,0,0,4,0,0,0,0,0,0,0
