4,4,0,24,8,0,8,36,11,56,0,6,0,769,377,428,160,1574,488,578,6,155,116,13,498,51,58,0,0,0,0,131,0,0,0,0,0,0,0,0,0,0,3,8,1,6,3,7,5,12,24,41,212,0,1,1,3,9,5,0,178,6,0,0,0,0,0,5,3,0,0,0,0,885,561,10845,205,0,0,0,0,81,0,0,0,0,0,6,0,0,0,0,0,0,0
