8,8,0,24,8,0,8,18,4,32,0,3,21,50,639,245421,118,515,89,399,3,122,1,1,208,0,45,0,0,0,0,74,0,0,0,0,0,0,0,0,3,0,2,8,9,6,2,1,2,12,6,6,30,2,1,0,3,2,0,0,140,2,0,0,0,0,0,2,0,0,0,0,0,898,5284,3299,0,0,0,0,0,22,0,0,0,0,0,9,0,0,0,0,0,0,0
