2,2,0,12,4,0,4,23,10,57,0,80,9,202,425,503228,163,801,174,535,86,165,36,1,298,30,69,0,0,0,0,247,0,0,0,0,0,0,0,0,10,0,0,4,4,21,0,2,2,17,7,11,51,2,1,1,5,2,3,0,174,77,0,0,0,0,0,1,2,0,0,0,0,0,504402,3790,0,0,0,0,0,38,0,0,0,0,0,3,0,0,0,0,0,0,0
