3,3,0,9,3,0,3,7,6,17,0,207,15,213,533,2339684,71,837,481,529,207,66,140,129,278,63,25,0,0,0,0,239,0,0,0,0,0,0,0,0,7,0,0,3,2,58,0,0,1,6,2,6,145,0,1,1,2,0,0,0,72,207,0,0,0,0,0,0,0,0,0,0,0,2336939,3873,5813,0,0,0,0,0,64,0,0,0,0,0,4,0,0,0,0,0,0,0
