3,3,0,12,4,0,4,5,0,13,0,2,0,13,166,1049,39,162,177,101,0,39,1,0,211,0,7,0,0,0,0,69,0,0,0,0,0,0,0,0,0,0,0,4,0,2,0,1,3,4,3,1,5,0,0,1,2,2,1,0,51,2,0,0,0,0,0,0,1,0,0,0,0,268,1032,1783,0,0,0,0,0,43,0,0,0,0,0,4,0,0,0,0,0,0,0
