3,3,0,12,4,0,4,10,0,9,1,2,0,12,174,1087,39,187,101,96,0,39,1,0,138,0,13,0,0,0,0,62,0,0,0,0,0,0,0,0,0,0,0,4,0,3,0,1,3,6,4,3,10,1,0,1,2,2,0,0,51,2,0,0,0,0,0,0,0,0,0,0,0,268,1045,2028,0,0,0,0,0,45,0,0,0,0,0,4,0,0,0,0,0,0,0
