3,3,0,15,5,0,5,2,7,30,0,14,1,209,2872,4450,78,481,282,164,16,76,62,24,227,0,25,0,0,0,0,53,0,0,0,0,0,0,0,0,6,0,0,5,0,9,0,2,0,4,0,3,23,1,0,0,2,0,2,0,91,12,0,0,0,0,0,0,0,0,0,0,0,0,4686,8796,0,0,0,0,0,50,0,0,0,0,0,4,0,0,0,0,0,0,0
