2,2,0,3,1,0,1,0,0,0,0,48,24,1130,3616,3957,69,1525,1238,382,46,68,15,6,1269,0,0,0,0,0,0,150,0,0,0,0,0,0,0,0,0,0,0,1,0,0,0,0,0,0,0,0,0,0,0,0,0,0,0,0,54,48,0,0,0,0,0,0,0,0,0,0,0,0,3912,15407,0,0,0,0,0,10,0,0,0,0,0,4,0,0,0,0,0,0,0
