3,3,0,12,4,0,4,1,0,5,0,95,9,22,321,537,27,242,32,191,95,109,6,1,134,21,2,0,0,0,0,53,0,0,0,0,0,0,0,0,3,0,0,4,0,32,0,0,1,0,0,0,78,0,1,0,1,1,0,0,39,94,0,0,0,0,0,0,0,0,0,0,0,746,272,998,0,0,0,0,0,30,0,0,0,0,0,4,0,0,0,0,0,0,0
