3,3,0,0,4,0,0,5,0,13,0,2,0,13,139,2466,0,87,76,39,0,0,1,0,71,1,6,0,0,0,0,29,0,0,0,0,0,0,0,0,0,0,0,0,0,2,0,1,3,4,3,1,5,0,0,1,2,2,1,0,0,2,0,0,0,0,0,0,1,0,0,0,0,1496,1052,1440,0,0,0,0,0,32,0,0,0,0,0,4,0,0,0,0,0,0,0
