3,3,0,36,12,0,12,88,20,128,2,41,272,7082,3068,45130,345,10334,7001,2951,57,324,1190,324,5479,164,103,0,0,0,0,1235,0,0,0,0,0,0,0,0,27,0,4,12,3,19,15,13,11,21,37,33,1015,3,2,11,3,32,5,2,348,32,6,0,0,0,0,1,6,0,0,0,0,29178,21912,108863,340,0,0,0,0,1595,0,0,0,0,0,4,0,0,0,0,0,0,0
