3,5,0,13,3,0,3,1,9,8,0,22,6,319,345,1393,93,784,292,387,19,82,59,5,300,21,20,0,0,0,0,145,0,0,0,0,0,0,0,0,0,0,0,3,1,30,0,0,0,4,0,1,36,1,1,0,2,0,0,0,99,22,0,0,0,0,0,0,0,0,0,0,0,1648,727,4933,0,0,0,0,0,82,0,0,0,0,11,5,0,0,0,0,0,0,0
