3,3,0,9,3,0,3,9,1,16,0,11,57,1141,216,11603,52,1488,716,347,15,50,151,7,596,16,26,0,0,0,0,165,0,0,0,0,0,0,0,0,9,0,0,3,2,6,0,0,0,4,0,9,140,0,2,0,2,0,2,0,59,8,0,0,0,0,0,0,4,0,0,0,0,1597,10431,14372,0,0,0,0,0,162,0,0,0,0,0,4,0,0,0,0,0,0,0
