3,3,0,0,4,0,0,4,0,15,0,2,0,21,147,2491,1,141,121,56,0,0,1,0,115,0,7,0,0,0,0,41,0,0,0,0,0,0,0,0,0,0,0,0,2,2,5,2,3,6,3,0,17,1,0,0,2,2,0,0,0,2,0,0,0,0,0,0,0,0,0,0,0,1500,1049,2216,0,0,0,0,0,53,0,0,0,0,0,4,0,0,0,0,0,0,0
