5,5,0,0,3,0,0,0,4,3,0,45,1,582,63,499,0,1073,892,158,40,44,207,35,674,15,6,0,0,0,0,257,0,0,0,0,0,11,0,0,0,0,0,0,1,12,0,0,0,0,0,1,19,0,1,0,2,0,0,3,0,45,0,0,0,0,0,0,0,0,0,0,0,620,45,11901,36,0,0,0,0,72,0,0,0,0,0,6,0,0,0,0,0,0,0
