2,2,0,12,4,0,4,30,16,76,0,0,0,20,28053,242,202,587,167,511,0,202,17,0,352,0,77,0,0,0,0,216,0,0,0,0,0,0,0,0,0,0,1,4,5,15,0,5,3,20,12,9,52,2,1,1,6,4,3,0,214,0,0,0,0,0,0,1,3,0,0,0,0,0,0,0,0,0,0,0,0,50,0,0,0,0,0,5,0,0,0,0,0,0,0
