3,3,0,21,7,0,7,17,11,35,0,7,0,444,58082,2122,140,668,824,196,6,137,204,164,586,0,40,0,0,0,0,96,0,0,0,0,0,0,0,0,0,0,2,7,2,15,8,5,2,7,10,2,74,0,1,0,2,1,1,0,158,7,0,0,0,0,0,1,2,0,0,0,0,1560,1000,64699,0,0,0,0,0,29,0,0,0,0,0,4,0,0,0,0,0,0,0
