5583,1864,345,1281,10433,2852,10005
