1659,1350,1142,1109,1085,1526,1100
