5795,1936,267,1540,14463,3092,8321
