4197,3487,54,195,192,1114,29
