66381,8171,77,965,950,1005,24
