64127,1918,1127,1662,1684,1294,1096
