32996,32408,123,666,666,4348,6194
