12019,2377,798,1616,8089,1100,10416
