36380,5713,2368,7124,7149,2895,5444
