4584,321,54,234,231,415,9
