525314,97652,784,68525,68525,6382,986
