7592,3518,3098,3266,3163,3572,3110
