10594,3067,313,1584,8701,2733,7521
