1777,67027,48,692,692,904,3
