45914,2564,63,1901,1882,753,73
