54998,37450,27,1200,1201,510,38
