98333,12898,95,1211,1218,1018,28
