1400,261,47,101,101,505,1
