391285,60382,1093,45970,45969,5175,15603
