242649,57787,3756,42173,42177,6490,433
