4399,23859,89,436,410,21080,61
