56301,2492,472,1200,1196,4028,430
