4850,166,7,14,15,579,2
