3231,350,6,124,124,505,1
