11527,2446,591,1619,12259,3395,13938
