38813,121419,643,3953,3989,4817,657
