12129,2917,461,1758,8086,2062,6860
