431,291,279,250,267,289,301
