0.32792608677140545,0.5139438838506408,0.052220377229956996,0.8940903478520033,0.0,1.0,0,0,0,0,0,0.0,0.0,0.32792608677140545,1340,7720,3,0.057052837740026396,0.3286924681738834,0.00012773023374632777,0.028682734706108996,0.16524679994862793,6.421507770024402e-05,0.0
