0.8993187150333875,0.0007726493412741382,0.0,0.9000913643746616,0.0,1.0,0.004701397712833545,0.00012706480304955527,0.0032080659945004585,0.0,10.130749682337992,0.0,0,0.8993187150333875,5,53,18,5.075798592311857e-05,0.00029890813932503157,0.00010151597184623715,0,0,0,0.0
