0.008694325808419768,0.561470408785845,7.62660158633313e-05,0.5702410006101282,0.0,1.0,0.6126396531599133,0.0,0.004136504653567736,0.0,0.009504752376188095,0.0,0,0.008694325808419768,20,6805,480,0.001525320317266626,0.5189902379499695,0.036607687614399025,0,0,0,0.0
