0.035568870105862564,0.0018901906239412259,7.727194374602496e-05,0.03753633267354981,0.0,1.0,0.00015009327224775395,0.00012150407753389606,0.0002777777777777778,0.0,0.04264793121439752,0.0,0,0.035568870105862564,0,0,0,0.0,0.0,0.0,0,0,0,0.0
