0.9435953954548545,0.0005188522273073716,1.0734873668428379e-05,0.9441249825558303,0.0,1.0,0.20655270655270655,0.02849002849002849,0.0,0.0,375.6125356125356,0.0,0,0.9435953954548545,0,114,25,0.0,0.0004079251994002784,8.945728057023649e-05,0,0,0,0.0
