0.9688685768251345,7.120465153755202e-05,1.3116646335864847e-05,0.9689528981230079,0.0,1.0,5.8051782189713225e-05,0.024149541390920702,0,0,18.693138279345177,0.0,0.0,0.9688685768251345,0,0,0,0.0,0.0,0.0,0.0,0.0,0.0,0.0
