0.9446902237660433,0.003492455014841048,0.0009655167211655597,0.9491481955020499,0.0,1.0,0.07005068462062183,0.0857856116196384,0.0,0.0,18.86254633482109,0.0,0,0.9446902237660433,82,198,0,0.00030926707474834337,0.0007467668390264876,0.0,0,0,0,0.0
