0.6845639968730012,0.0961552128491223,0.003304669177741454,0.784023878899865,0.0,1.0,0.23458578542326844,0.2310547759167044,0,0,0.866727025803531,0.0,0,0.6845639968730012,6,2520,35,0.00021320446308009382,0.0895458744936394,0.0012436927013005472,0,0,0,0.0
