0.09900379058693394,0.0013321012801661924,0.000161875598602474,0.1004977674657026,0.0,1.0,0.12127724900214921,0.050967147681915875,0.0,0.0,8.962542216763893,0.0,0,0.09900379058693394,18,296,0,6.070334947592775e-05,0.0009982328580485896,0.0,0,0,0,0.0
