0.8610333849344277,0.0016765487630341443,4.673306656541169e-05,0.8627566667640272,0.0,1.0,0.00347871235721703,0.0007268951194184839,0.0009779951100244498,0.0,7.652232606438214,0.0,0,0.8610333849344277,0,0,0,0.0,0.0,0.0,0,0,0,0.0
