0.9296730413325108,0.0007592654107151331,1.1863522042423955e-05,0.9304441702652684,0.0,1.0,0.008823529411764706,0.0007352941176470588,0.010958904109589041,0.0,0.09852941176470588,0.0,0.0,0.9296730413325108,5,0,35,5.9317610212119774e-05,0.0,0.0004152232714848384,0.0,0.0,0.0,0.0
