0.681587651598677,0.10003675119441381,0.0029033443586916575,0.7845277471517824,0.0,1.0,0.25852836176120586,0.18177310591035303,0,0,0.9493256644188814,0.0,0,0.681587651598677,6,2544,27,0.0002205071664829107,0.09349503858875413,0.000992282249173098,0,0,0,0.0
