0.9947612817092841,0.00013705949016407798,1.2690693533710923e-06,0.9948996102688016,0.0,1.0,0.030961595713009823,0.0005954153021732659,0.004672897196261682,0.0,233.35784459660613,0.0,0,0.9947612817092841,1,88,0,1.2690693533710923e-06,0.00011167810309665613,0.0,0,0,0,0.0
