0.28892171344165435,0.032791728212703104,0.005022156573116691,0.32673559822747417,0.0,1.0,0.05425584868093579,0.0,0.007692307692307693,0.0,0.48680935788949725,0.0,0,0.28892171344165435,2,87,4,0.0005908419497784342,0.025701624815361892,0.0011816838995568684,0,0,0,0.0
