0.4904580152671756,0.0019083969465648854,0.0,0.49236641221374045,0.0,1.0,0.07407407407407407,0.07407407407407407,0.0,0.0,18.962962962962962,0.0,0.0,0.4904580152671756,0,0,0,0.0,0.0,0.0,0.0,0.0,0.0,0.0
