0.3763332662507547,0.19668612061447643,0.006238679814852083,0.5792580666800832,0.0,1.0,0.2773134328358209,0.12567164179104479,0,0,0.42577114427860696,0.0,0,0.3763332662507547,4,2724,27,0.0002683303146172939,0.18273294425437714,0.0018112296236667338,0,0,0,0.0
