0.14083377872795297,0.007237662569036166,0.00020042757883484769,0.14827186887582397,0.0,1.0,0.001920860545524395,0.0003546204084045037,0.000715307582260372,0.0,0.18653033482076894,0.0,0,0.14083377872795297,0,0,0,0.0,0.0,0.0,0,0,0,0.0
