0.3852615502100038,0.044291714394807176,0.0061092019854906456,0.43566246659030167,0.0,1.0,0.0945273631840796,0.0,0.007434944237918215,0.0,0.8366500829187397,0.0,0,0.3852615502100038,0,113,0,0.0,0.043146239022527684,0.0,0,0,0,0.0
