0.30997474747474746,0.03377525252525253,0.0006313131313131314,0.34438131313131315,0.0,1.0,0.058426966292134834,0.0,0.011194029850746268,0.0,0.5516853932584269,0.0,0,0.30997474747474746,1,87,0,0.0003156565656565657,0.027462121212121212,0.0,0,0,0,0.0
