0.8551387786673632,0.000708208183069304,0.0,0.8558469868504325,0.0,1.0,0.003067484662576687,3.9837463150346584e-05,0.0009205277692543725,0.0,6.782407776272807,0.0,0,0.8551387786673632,1,55,17,5.022753071413503e-06,0.0002762514189277427,8.538680221402955e-05,0,0,0,0.0
