0.18912260754216412,0.00037900322152738296,0.0,0.18950161076369149,0.0,1.0,0.0,0.0004784688995215311,0.0009799118079372856,0.0,0.47703349282296653,0.0,0,0.18912260754216412,0,0,0,0.0,0.0,0.0,0,0,0,0.0
