0,1055,0,141,271,3,2091,0,0,6,1,-37,0.8333333333333334,0.16666666666666666,-0.010499432463110102,0.0,0.29937570942111236,0.0,0.040011350737797956,0.07690124858115778,0.000851305334846765,0.5933598183881952,0.0,0.0
