0,1026,0,143,269,3,1994,0,0,6,1,-60,0.8333333333333334,0.16666666666666666,-0.017777777777777778,0.0,0.304,0.0,0.04237037037037037,0.07970370370370371,0.0008888888888888889,0.5908148148148148,0.0,0.0
