0,691,0,245,1221,0,11366,0,0,5,1,-242,0.8,0.2,-0.018221519463895792,0.0,0.05202921466757021,0.0,0.01844740606882012,0.09193584820420149,0.0,0.8558090505233039,0.0,0.0
