0,1041,0,0,1463,3,1322,33,0,6,1,-31,0.8333333333333334,0.16666666666666666,-0.00809188201513965,0.0,0.2717306186374315,0.0,0.0,0.38188462542417123,0.0007830853563038371,0.3450796136778909,0.008613938919342208,0.0
