0,1024,0,135,270,3,977,0,0,6,1,-32,0.8333333333333334,0.16666666666666666,-0.013462347496844763,0.0,0.4307951198990324,0.0,0.05679427850231384,0.11358855700462768,0.0012620950778291964,0.41102229701304166,0.0,0.0
