0,1003,0,146,261,3,1990,0,0,6,1,-56,0.8333333333333334,0.16666666666666666,-0.016731401254855095,0.0,0.29967134747535107,0.0,0.04362115327158649,0.07798028084852106,0.00089632506722438,0.5945622945921721,0.0,0.0
