0,1015,0,148,262,3,1937,0,0,6,1,-65,0.8333333333333334,0.16666666666666666,-0.019696969696969695,0.0,0.30757575757575756,0.0,0.044848484848484846,0.07939393939393939,0.0009090909090909091,0.5869696969696969,0.0,0.0
