0,4413,0,507,7462,0,7474,0,0,5,1,99915,0.8,0.2,0.8342169640397091,0.0,0.03684531313924072,0.0,0.004233078124086799,0.06230222674938007,0.0,0.062402417947583305,0.0,0.0
