0,1031,0,178,2041,3,2114,0,0,6,1,-77,0.8333333333333334,0.16666666666666666,-0.014555765595463137,0.0,0.1948960302457467,0.0,0.03364839319470699,0.38582230623818525,0.0005671077504725897,0.3996219281663516,0.0,0.0
