0,30497,0,460,880452,0,14892,0,0,4,0,-1158,1.0,0.0,-0.00125169838608734,0.0,0.03296463357556616,0.0,0.0004972204297065426,0.9516928734260541,0.0,0.01609697095476051,0.0,0.0
