92,4686,0,206,0,3,8826,0,0,6,1,-153,0.8333333333333334,0.16666666666666666,-0.011200585651537335,0.006734992679355783,0.34304538799414347,0.0,0.015080527086383601,0.0,0.00021961932650073208,0.6461200585651538,0.0,0.0
