0,1028,0,186,265,3,1387,0,0,6,1,-63,0.8333333333333334,0.16666666666666666,-0.022451888809693513,0.0,0.36635780470420526,0.0,0.06628652886671418,0.09444048467569494,0.0010691375623663579,0.4942979330007128,0.0,0.0
