0,25037,0,321,2270435,0,3100,0,0,4,0,-160,1.0,0.0,-6.960355987406976e-05,0.0,0.010891652053544278,0.0,0.00013964214199735245,0.9876897403917724,0.0,0.0013485689725601015,0.0,0.0
