0,0,0,253,0,0,0,0,3,6,4,79647,0.3333333333333333,0.6666666666666666,0.9967961152897888,0.0,0.0,0.0,0.0031663391862633444,0.0,0.0,0.0,0.0,3.7545523947786694e-05
