0,144,0,327,13127,0,374068,0,0,4,1,-4116,0.75,0.25,-0.010731325772389519,0.0,0.00037543996871333593,0.0,0.0008525615956198671,0.034225003259027505,0.0,0.9752783209490288,0.0,0.0
