0,1029,0,191,267,3,1019,0,0,6,1,-44,0.8333333333333334,0.16666666666666666,-0.017849898580121704,0.0,0.41744421906693713,0.0,0.07748478701825558,0.10831643002028397,0.0012170385395537525,0.41338742393509126,0.0,0.0
