0,24988,0,346,2356621,0,2779,0,0,4,0,-167,1.0,0.0,-7.003367907045598e-05,0.0,0.010479051333009306,0.0,0.00014509971831363932,0.9882804718844134,0.0,0.0011654107433341147,0.0,0.0
