0,1058,0,140,269,3,1995,0,0,6,1,-61,0.8333333333333334,0.16666666666666666,-0.017920094007050528,0.0,0.3108108108108108,0.0,0.041128084606345476,0.07902467685076381,0.0008813160987074031,0.586075205640423,0.0,0.0
