0,32460,3,3,262672,3,3098,0,0,7,1,-265,0.8571428571428571,0.14285714285714285,-0.0008893393383315322,0.0,0.10893567895185485,1.0067992509413574e-05,1.0067992509413574e-05,0.8815265761442274,1.0067992509413574e-05,0.010396880264721083,0.0,0.0
