50,45,3,182,551,3,12712,0,3,10,2,-111,0.8,0.2,-0.008260157761571662,0.00372079178449174,0.0033487126060425657,0.0002232475070695044,0.013543682095549934,0.041003125465098975,0.0002232475070695044,0.94597410328918,0.0,0.0002232475070695044
