0,154532,0,1290,2406,0,10159,0,3,6,1,-1244,0.8333333333333334,0.16666666666666666,-0.007442595096502459,0.0,0.9245330429684229,0.0,0.007717803596855444,0.014394601127158293,0.0,0.0607791990236081,0.0,1.794838045780336e-05
