0,1023,0,180,267,3,1021,0,0,6,1,-60,0.8333333333333334,0.16666666666666666,-0.024650780608052588,0.0,0.42029580936729666,0.0,0.07395234182415776,0.10969597370583402,0.0012325390304026294,0.41947411668036155,0.0,0.0
