0,565679,0,486,0,0,4221,0,0,3,0,-228,1.0,0.0,-0.00039988915353288037,0.0,0.9921442828128343,0.0,0.0008523953009516661,0.0,0.0,0.0074032110397468775,0.0,0.0
