0,1040,0,127,262,3,1702,0,0,6,1,-31,0.8333333333333334,0.16666666666666666,-0.009990331936835321,0.0,0.3351595230422172,0.0,0.04092813406380922,0.08443441830486625,0.0009668063164679343,0.5485014502094747,0.0,0.0
