0,0,0,254,0,3,0,0,3,7,4,86681,0.42857142857142855,0.5714285714285714,0.9970094661897149,0.0,0.0,0.0,0.002921521491586248,0.0,3.4506159349443876e-05,0.0,0.0,3.4506159349443876e-05
