0,733,0,389,46403,3,21742,0,3,7,1,-329,0.8571428571428571,0.14285714285714285,-0.004771988860524484,0.0,0.010631817126943607,0.0,0.005642260385240195,0.6730534926897191,4.3513576235785564e-05,0.31535739150614994,0.0,4.3513576235785564e-05
